768642444.370374,1.680785
768642445.975563,1.4962339999999998
768642447.7666091,1.724391
768642447.7667539,1.7603
768642449.459817,1.626358
768642449.460048,1.58199
768642451.232841,1.705251
768642451.233307,1.7034420000000001
768642452.941205,1.641393
768642452.952832,1.652744
768642454.919577,1.900471
768642454.931215,1.923554
768642456.773811,1.77532
768642456.7852881,1.802217
768642458.588968,1.7487780000000002
768642458.600961,1.749545
768642460.358103,1.6972090000000002
768642460.358428,1.684242
768642462.01141,1.601546
768642462.011913,1.601588
768642463.689056,1.624773
768642463.689337,1.623239
768642465.443021,1.690792
768642465.443331,1.690582
768642467.263881,1.729924
768642467.289694,1.7555290000000001
768642469.099922,1.757109
768642469.11173,1.7789819999999998
768642472.8332181,3.654312
768642472.8448551,3.6785680000000003
768642475.912269,3.012941
768642475.912314,3.00123
768642478.6385679,2.658923
768642478.639315,2.6638439999999997
768642481.0971191,2.394501
768642481.109377,2.40679
768642483.577906,2.4141570000000003
768642483.578117,2.3984560000000004
768642486.081482,2.4398269999999997
768642486.093725,2.4515040000000003
768642487.818587,1.670786
768642487.818663,1.6583620000000001
768642489.5658071,1.683195
768642489.577474,1.695419
768642491.239775,1.598969
768642491.251322,1.621878
768642492.8267211,1.523258
768642492.8385291,1.523789
768642494.4900949,1.585353
768642494.490325,1.5974050000000002
768642496.105883,1.551965
768642496.107321,1.553743
768642497.8967639,1.7253640000000001
768642497.9087471,1.7399419999999999
768642499.866135,1.8940409999999999
768642499.878203,1.917917
768642501.681308,1.751449
768642501.692348,1.750702
768642503.495322,1.747329
768642503.5072149,1.748021
768642505.3333579,1.774764
768642505.3589901,1.7743069999999999
768642507.067898,1.647481
768642507.0680059,1.6586509999999999
768642508.77985,1.6551669999999998
768642508.792004,1.662949
768642510.553216,1.710088
768642510.565324,1.7098980000000001
768642512.2935491,1.673648
768642512.3157511,1.685376
768642514.032655,1.65104
768642514.033066,1.673517
768642515.7299019,1.63394
768642515.730118,1.6334190000000002
768642517.473097,1.679181
768642517.4851149,1.6914040000000001
768642519.2904899,1.7387240000000002
768642519.3015859,1.7624540000000002
768642521.05556,1.701743
768642521.067383,1.701648
768642522.758236,1.624318
768642522.770399,1.648549
768642524.828592,1.995121
768642524.82971,2.007982
768642526.734311,1.8373490000000001
768642526.7346871,1.839554
768642528.633288,1.834277
768642528.6339849,1.836056
768642530.401797,1.704194
768642530.401887,1.7054170000000002
768642532.089332,1.623321
768642532.093331,1.627936
768642533.77799,1.617232
768642533.778411,1.6225740000000002
768642535.5605409,1.718252
768642535.571652,1.731252
768642537.387877,1.753018
768642537.3997,1.775976
768642539.1506921,1.696325
768642539.1507779,1.684619
768642540.8878781,1.673192
768642540.899195,1.6854850000000001
768642542.6157271,1.649983
768642542.627996,1.6738339999999998
768642544.3673869,1.688503
768642544.379866,1.688042
768642546.136392,1.692927
768642546.1486801,1.717836
768642547.9193441,1.719776
768642547.931347,1.7194800000000001
768642549.749617,1.766529
768642549.749762,1.754682
768642551.4693171,1.652283
768642551.469813,1.653987
768642553.383725,1.85081
768642553.395182,1.862457
768642555.139274,1.689048
768642555.139665,1.6777369999999998
768642556.849421,1.6472660000000001
768642556.861369,1.657871
768642558.692358,1.7647599999999999
768642558.692619,1.7769789999999999
768642560.561722,1.8052890000000001
768642560.573961,1.818189
768642562.382352,1.744728
768642562.3824071,1.756987
768642564.1857201,1.739494
768642564.193378,1.7481
768642566.053212,1.805083
768642566.053649,1.800392
768642567.800005,1.689584
768642567.811262,1.700939
768642569.51327,1.649857
768642569.525218,1.64658
768642571.328983,1.749741
768642571.339724,1.7343549999999999
768642573.070537,1.684685
768642573.07482,1.678076
768642574.680099,1.5384280000000001
768642574.680469,1.549579
768642576.4552679,1.712444
768642576.46695,1.7223060000000001
768642578.2154421,1.696656
768642578.215633,1.6852589999999998
768642580.05034,1.771415
768642580.059196,1.780622
768642581.856091,1.737752
768642581.8565019,1.730596
768642583.645393,1.726055
768642583.645538,1.725273
768642585.492144,1.759688
768642585.49261,1.7606309999999998
768642587.281,1.722687
768642587.281306,1.72159
768642589.080676,1.724461
768642589.092744,1.736068
768642590.800136,1.6532310000000001
768642590.811703,1.6526589999999999
768642592.6793181,1.804315
768642592.690091,1.827042
768642594.4361401,1.697724
768642594.4702301,1.720632
768642596.15164,1.658456
768642596.152141,1.625044
768642597.900052,1.6836259999999998
768642597.900188,1.6851450000000001
768642599.549414,1.585258
768642599.5500951,1.5869659999999999
768642601.337258,1.724101
768642601.348599,1.735277
768642604.118976,2.714943
768642604.1196179,2.704554
768642606.434419,2.252201
768642606.4348999,2.251429
768642608.712274,2.214949
768642608.723821,2.225318
768642610.503345,1.712769
768642610.503706,1.725133
768642612.215488,1.648529
768642612.215974,1.648634
768642614.01763,1.737782
768642614.0179,1.739331
768642615.91587,1.834287
768642615.9160261,1.834758
768642617.821388,1.842671
768642617.8214229,1.841779
768642619.624317,1.7363439999999999
768642619.624477,1.735066
768642621.2758781,1.5878780000000001
768642621.287425,1.6001509999999999
768642623.141584,1.787152
768642623.14212,1.7998809999999998
768642625.015483,1.809744
768642625.0269289,1.822169
768642626.850336,1.768689
768642626.850827,1.754341
768642628.7784209,1.864026
768642628.790164,1.8754170000000001
768642630.6683431,1.811869
768642630.668839,1.823913
768642632.520862,1.788746
768642632.521078,1.7881340000000001
768642634.383776,1.799607
768642634.3843169,1.799922
768642636.231464,1.784702
768642636.242785,1.7945490000000002
768642637.945015,1.647381
768642637.945506,1.63601
768642639.732723,1.724181
768642639.744571,1.735371
768642641.491108,1.6948219999999998
768642641.523143,1.714392
768642643.2948439,1.7057879999999999
768642643.306837,1.749876
768642645.186379,1.816621
768642645.197991,1.83979
768642647.012377,1.747334
768642647.020636,1.767857
768642648.855384,1.771713
768642648.8611721,1.7856079999999999
768642650.683812,1.740634
768642650.69576,1.783631
768642652.4715359,1.712693
768642652.482797,1.735397
768642654.2595501,1.709922
768642654.271583,1.733713
768642656.103119,1.7710169999999998
768642656.1153569,1.780657
768642658.097914,1.94034
768642658.1097469,1.9272230000000001
768642660.0254501,1.8306259999999999
768642660.0371771,1.8758290000000002
768642661.849101,1.768262
768642661.8729969,1.779925
768642663.655342,1.730081
768642663.655442,1.754025
768642665.470534,1.745763
768642665.481926,1.7576390000000002
768642667.234628,1.6890239999999999
768642667.2530149,1.6965590000000002
768642669.072067,1.7675239999999999
768642669.09034,1.792023
768642670.73577,1.6094359999999999
768642670.774552,1.617603
768642672.606053,1.8178020000000001
768642672.61772,1.779309
768642674.433089,1.751865
768642674.445493,1.776016
768642676.173187,1.67672
768642676.182759,1.6737440000000001
768642677.996222,1.746337
768642678.007844,1.7678019999999999
768642679.704711,1.632743
768642679.716975,1.6572049999999998
768642681.581452,1.800759
768642681.5856819,1.8176329999999998
768642683.262191,1.614064
768642683.273982,1.619203
768642685.1117339,1.785679
768642685.1234411,1.791521
768642686.980571,1.792309
768642686.981022,1.791142
768642688.8404701,1.796493
768642688.850926,1.806463
768642690.527321,1.616438
768642690.540056,1.639848
768642692.452013,1.847768
768642692.479387,1.888072
768642694.246428,1.7033669999999999
768642694.246934,1.7376209999999999
768642696.105614,1.794416
768642696.119425,1.809258
768642697.85843,1.671908
768642697.870388,1.705245
768642699.666571,1.7203959999999998
768642699.6667659,1.709241
768642701.5326821,1.801952
768642701.533028,1.802994
768642703.24298,1.6422400000000001
768642703.254808,1.654799
768642705.012663,1.706149
768642705.017332,1.69845
768642706.703424,1.630372
768642706.715111,1.630858
768642708.556956,1.778377
768642708.5698861,1.802889
768642710.387865,1.767186
768642710.387955,1.7599930000000001
768642712.2366819,1.7845840000000002
768642712.24267,1.7912810000000001
768642714.1173201,1.820783
768642714.129659,1.8200939999999999
768642715.987852,1.806787
768642716.0211539,1.806632
768642717.7950311,1.70051
768642717.806678,1.716505
768642719.637812,1.763066
768642719.6385789,1.780086
768642721.4892889,1.7866410000000001
768642721.48982,1.788841
768642723.335153,1.779344
768642723.335379,1.7784719999999998
768642725.156234,1.75786
768642725.156505,1.757228
768642726.934145,1.710669
768642726.934546,1.717919
768642729.154255,2.144518
768642729.1660781,2.1679389999999996
768642731.187701,1.966625
768642731.1990981,1.966384
768642732.852573,1.601394
768642732.86413,1.600703
768642734.59639,1.677362
768642734.6085781,1.678003
768642736.450298,1.790731
768642736.4511601,1.779304
768642738.137914,1.624218
768642738.149556,1.634422
768642739.752279,1.5392
768642739.764618,1.5628199999999999
768642741.577422,1.761709
768642741.581624,1.7530480000000002
768642743.3487351,1.711141
768642743.375262,1.726746
768642745.1949141,1.789375
768642745.222138,1.783158
768642746.936639,1.647996
768642746.940655,1.686597
768642748.730747,1.726435
768642748.759442,1.7659150000000001
768642750.618046,1.827644
768642750.629702,1.810645
768642752.388092,1.7015820000000001
768642752.40026,1.724815
768642754.0608071,1.595079
768642754.061103,1.583776
768642755.766665,1.642833
768642755.782833,1.657466
768642757.524134,1.7002359999999999
768642757.525256,1.6786590000000001
768642759.264421,1.680007
768642759.264727,1.672024
768642761.0704089,1.742807
768642761.073444,1.7452100000000002
768642762.8512701,1.710814
768642762.862907,1.732359
768642764.816251,1.8898730000000001
768642764.827012,1.911924
768642766.5696579,1.6828830000000001
768642766.596722,1.7207299999999999
768642768.533294,1.8624379999999998
768642768.5434691,1.916649
768642770.324231,1.733668
768642770.340672,1.739772
768642772.159894,1.778205
768642772.15996,1.744567
768642773.961394,1.7413750000000001
768642773.973718,1.7459559999999998
768642776.216561,2.1792399999999996
768642776.218706,2.1808389999999997
768642777.89255,1.6069820000000001
768642777.907775,1.6250900000000001
768642779.85702,1.885802
768642779.865424,1.909322
768642781.7354289,1.806587
768642781.7358899,1.8153380000000001
768642783.6556959,1.852439
768642783.656238,1.854489
768642785.507495,1.7872400000000002
768642785.524173,1.804859
768642787.333717,1.7429489999999999
768642787.3339629,1.766468
768642789.210433,1.813308
768642789.224907,1.827486
768642791.0860159,1.816202
768642791.086217,1.795411
768642792.989602,1.839886
768642792.992621,1.842516
768642794.859785,1.800258
768642794.8601711,1.810198
768642796.680355,1.756456
768642796.692213,1.7682030000000002
768642798.592955,1.8342269999999998
768642798.60462,1.857856
768642800.4396861,1.777924
768642800.439901,1.783569
768642802.2107409,1.706911
768642802.210881,1.708108
768642803.922072,1.6471820000000001
768642803.934275,1.65957
768642805.707295,1.7215589999999998
768642805.7076759,1.7096259999999999
768642807.557459,1.783458
768642807.569331,1.794259
768642809.531441,1.910395
768642809.543053,1.9093669999999998
768642811.345255,1.733898
768642811.3456659,1.7475349999999998
768642813.130902,1.698375
768642813.141827,1.708315
768642814.9390349,1.737505
768642814.939788,1.749392
768642816.820506,1.822851
768642816.833331,1.837117
768642818.653576,1.7537690000000001
768642818.6541121,1.766484
768642820.5607669,1.832287
768642820.5829589,1.853986
768642822.3772379,1.759212
768642822.3888601,1.7420280000000001
768642824.160696,1.719364
768642824.170038,1.7175999999999998
768642825.913238,1.685771
768642825.925912,1.689219
768642827.693153,1.7164229999999998
768642827.705066,1.7150850000000002
768642829.6972749,1.9400229999999998
768642829.6977259,1.928611
768642831.57156,1.807975
768642831.584019,1.818645
768642833.488876,1.853316
768642833.500743,1.8529099999999998
768642835.2918351,1.72386
768642835.303808,1.748893
768642837.145231,1.7780859999999998
768642837.1570189,1.8018210000000001
768642839.002256,1.77775
768642839.014114,1.802733
768642840.754412,1.676459
768642840.7666401,1.701523
768642842.637637,1.8161850000000002
768642842.6497159,1.816189
768642844.376743,1.6759940000000002
768642844.38855,1.675111
768642846.220081,1.777229
768642846.220256,1.764715
768642847.983127,1.6993019999999999
768642847.983142,1.6987910000000002
768642849.801216,1.727574
768642849.808378,1.683841
768642851.529215,1.654037
768642851.532017,1.664206
768642854.292987,2.700555
768642854.294054,2.680683
768642856.11502,1.753815
768642856.122924,1.763677
768642857.988163,1.798358
768642857.9883981,1.806091
768642859.7594329,1.707908
768642859.771215,1.718598
768642861.585315,1.7624
768642861.585901,1.750898
768642863.3955259,1.742604
768642863.395741,1.743886
768642865.237987,1.767739
768642865.238303,1.766874
768642867.053631,1.747977
768642867.0541271,1.748999
768642868.896147,1.778128
768642868.922729,1.772776
768642870.623059,1.667157
768642870.62325,1.633505
768642872.362951,1.676018
768642872.374029,1.688228
768642874.224709,1.790816
768642874.22487,1.80224
768642876.0336,1.751882
768642876.035189,1.7524909999999998
768642877.834905,1.7320440000000001
768642877.846367,1.74142
768642879.704193,1.80585
768642879.71568,1.805856
768642881.545351,1.77769
768642881.5574089,1.778211
768642883.393656,1.7691759999999999
768642883.405779,1.7936969999999999
768642885.2394949,1.7704140000000002
768642885.251638,1.79452
768642887.0465181,1.727939
768642887.058516,1.752577
768642888.875272,1.753153
768642888.886614,1.776071
768642890.677835,1.724201
768642890.6892719,1.74739
768642892.396954,1.644565
768642892.422433,1.6810399999999999
768642894.086639,1.626588
768642894.098351,1.611964
768642895.739323,1.5771979999999999
768642895.751511,1.601439
768642897.498876,1.6840169999999999
768642897.499583,1.696952
768642899.65394,2.087076
768642899.6557239,2.09088
768642901.39083,1.6705610000000002
768642901.392053,1.675097
768642903.211721,1.74975
768642903.2238799,1.766454
768642904.961051,1.673608
768642904.985458,1.709983
768642906.817677,1.78695
768642906.817861,1.777744
768642908.808596,1.937899
768642908.820765,1.9516069999999999
768642910.546288,1.66179
768642910.546544,1.6747349999999999
768642912.444484,1.8354300000000001
768642912.4557699,1.845287
768642914.283652,1.761182
768642914.2845291,1.773455
768642916.1756591,1.827206
768642916.177127,1.829922
768642918.032338,1.790185
768642918.033044,1.777504
768642919.939319,1.843864
768642919.951968,1.85498
768642921.6827639,1.6445450000000001
768642921.6835511,1.642505
768642923.425413,1.674846
768642923.4374909,1.6886830000000002
768642925.253004,1.764545
768642925.2652481,1.763948
768642927.1678541,1.848344
768642927.179932,1.847974
768642929.09198,1.824844
768642929.1039231,1.849337
768642930.951571,1.780797
768642930.9635539,1.805489
768642932.7935251,1.778737
768642932.8048819,1.775616
768642934.690368,1.818751
768642934.6904031,1.830087
768642936.486987,1.733432
768642936.4871119,1.73271
768642938.3157711,1.765261
768642938.327148,1.776046
768642940.160768,1.781684
768642940.162262,1.77144
768642941.978216,1.751174
768642941.9898729,1.7603149999999999
768642943.7798381,1.738394
768642943.780248,1.726401
768642945.5659269,1.7217149999999999
768642945.566103,1.722897
768642947.4363691,1.802966
768642947.436734,1.804579
768642949.397831,1.904443
768642949.409479,1.915135
768642951.246539,1.77036
768642951.246727,1.782432
768642953.070745,1.766992
768642953.0827229,1.77838
768642955.01113,1.8610250000000002
768642955.012093,1.8747779999999998
768642956.827631,1.759584
768642956.837594,1.766572
768642958.603576,1.7159090000000001
768642958.603977,1.706171
768642960.5074351,1.840176
768642960.5189071,1.850625
768642962.2570599,1.674645
768642962.269819,1.698992
768642964.114059,1.793331
768642964.115152,1.782041
768642965.940683,1.759568
768642965.941771,1.758435
768642967.807586,1.80354
768642967.807777,1.802358
768642969.7043589,1.832492
768642969.716156,1.845007
768642971.502973,1.7325350000000002
768642971.503754,1.7205670000000002
768642973.211131,1.643673
768642973.2240161,1.6577300000000001
768642975.051482,1.76018
768642975.0517031,1.773882
768642976.8281051,1.712634
768642976.8403441,1.724672
768642979.120504,2.2253979999999998
768642979.132246,2.2251369999999997
768642981.215884,2.01994
768642981.228599,2.044732
768642982.99383,1.714437
768642982.994321,1.702435
768642984.736784,1.679346
768642984.74816,1.68945
768642986.5306621,1.71533
768642986.531383,1.728004
768642988.4891881,1.8944770000000002
768642988.500685,1.905618
768642990.31512,1.750527
768642990.3156071,1.7629
768642992.055774,1.6770960000000001
768642992.061893,1.682674
768642993.7788571,1.655666
768642993.779143,1.649502
768642995.7385781,1.897071
768642995.7399291,1.897082
768642997.550969,1.7536699999999998
768642997.577454,1.7817200000000002
768642999.422353,1.811701
768642999.423689,1.7689959999999998
768643001.229019,1.748546
768643001.255926,1.77602
768643002.888947,1.600526
768643002.915766,1.593426
768643004.6132829,1.667913
768643004.6237149,1.644272
768643006.386439,1.704993
768643006.3866351,1.716833
768643008.272271,1.8222589999999999
768643008.283888,1.8333
768643010.089749,1.7395310000000002
768643010.102223,1.763723
768643011.937588,1.784241
768643011.938641,1.772855
768643013.800101,1.776382
768643013.800843,1.770639
768643015.520167,1.653882
768643015.520563,1.652729
768643017.4182321,1.834292
768643017.430406,1.8453670000000002
768643019.3230181,1.825972
768643019.335041,1.85053
768643021.156118,1.757202
768643021.167684,1.7812679999999999
768643023.039163,1.804673
768643023.051888,1.828658
768643024.8103529,1.6949020000000001
768643024.810463,1.707827
768643026.6780281,1.799676
768643026.690642,1.813584
768643028.605687,1.851728
768643028.605722,1.8640860000000001
768643030.2625611,1.59272
768643030.263097,1.593952
768643032.106032,1.7798239999999999
768643032.107672,1.781342
768643033.78304,1.616827
768643033.784097,1.61574
768643035.661111,1.814528
768643035.672867,1.8251369999999998
768643037.462093,1.731727
768643037.4622029,1.7433450000000001
768643039.189741,1.65331
768643039.1898121,1.651641
768643040.874189,1.609073
768643040.885661,1.6209799999999999
768643042.845741,1.870862
768643042.8458121,1.859737
768643044.7155311,1.8056999999999999
768643044.7278149,1.8192519999999999
768643046.5246401,1.7300950000000002
768643046.524695,1.7433310000000002
768643048.2855811,1.697287
768643048.286328,1.6982849999999998
768643050.1217021,1.771867
768643050.122228,1.772032
768643052.191111,2.00542
768643052.1926,2.006894
768643053.958177,1.700837
768643053.9612141,1.7011319999999999
768643055.7270061,1.705958
768643055.730209,1.70461
768643057.563639,1.748021
768643057.564345,1.774242
768643059.406801,1.77552
768643059.4071671,1.776703
768643061.263265,1.791342
768643061.274907,1.804738
768643062.9839671,1.6423699999999999
768643062.984248,1.654719
768643064.807733,1.759411
768643064.8186381,1.770271
768643066.507919,1.629564
768643066.5079789,1.640293
768643068.307681,1.736388
768643068.308317,1.7362090000000001
768643070.310801,1.927385
768643070.3200179,1.935403
768643072.173613,1.806325
768643072.199828,1.822753
768643073.9612559,1.7282650000000002
768643073.9774,1.717891
768643075.737651,1.696538
768643075.767128,1.748756
768643077.45758,1.662722
768643077.458482,1.598771
768643079.239681,1.716032
768643079.240263,1.714613
768643081.047863,1.743951
768643081.0480831,1.744183
768643082.71468,1.5991689999999998
768643082.726948,1.6120139999999998
768643084.5435239,1.753093
768643084.554559,1.776637
768643086.364555,1.757508
768643086.375911,1.757578
768643088.2139671,1.774152
768643088.226035,1.798123
768643090.108444,1.828865
768643090.108554,1.815433
768643091.941829,1.769722
768643091.952965,1.77984
768643093.749303,1.717104
768643093.749388,1.704199
768643095.645685,1.8288289999999998
768643095.658239,1.8431579999999999
768643097.549584,1.827902
768643097.550105,1.841143
768643099.263776,1.6467299999999998
768643099.275995,1.6599
768643101.1281681,1.788921
768643101.1397151,1.812672
768643103.767455,2.561064
768643103.768096,2.5735390000000002
768643106.123928,2.292244
768643106.123973,2.29269
768643108.0396241,1.847798
768643108.055085,1.864477
768643109.6610551,1.553683
768643109.6614361,1.539199
768643111.498369,1.773771
768643111.4985601,1.7735159999999999
768643113.281613,1.7203609999999998
768643113.29344,1.730606
768643115.0429,1.6824139999999999
768643115.043371,1.6949429999999999
768643116.791207,1.684348
768643116.802308,1.6948079999999999
768643118.553506,1.684278
768643118.553807,1.69572
768643120.314723,1.6976140000000002
768643120.315199,1.698305
768643122.2135799,1.834969
768643122.21373,1.8354739999999998
768643124.0243471,1.7464220000000001
768643124.030146,1.752722
768643126.097636,1.9966150000000003
768643126.0978609,2.004939
768643127.945379,1.783629
768643127.957973,1.79693
768643129.79846,1.746538
768643129.810122,1.776237
768643131.522264,1.645136
768643131.5230559,1.658753
768643133.394515,1.807289
768643133.406107,1.820946
768643135.188377,1.715555
768643135.188668,1.727979
768643137.1613419,1.909567
768643137.173506,1.920878
768643139.055443,1.815162
768643139.055664,1.8280429999999999
768643140.857104,1.737727
768643140.85744,1.73902
768643142.645312,1.709738
768643142.6457931,1.709233
768643144.346336,1.6443729999999999
768643144.407989,1.7048180000000002
768643146.243885,1.834158
768643146.254742,1.783234
768643148.0312171,1.7303
768643148.032099,1.7199909999999998
768643149.7733411,1.671925
768643149.7751449,1.6756710000000001
768643151.6515299,1.820524
768643151.652081,1.818957
768643153.677623,1.9623050000000002
768643153.678044,1.9622749999999998
768643155.566773,1.821748
768643155.5795981,1.835941
768643157.371421,1.728631
768643157.382767,1.752436
768643159.3640671,1.902049
768643159.375709,1.903809
768643161.425833,1.986612
768643161.4378561,2.010302
768643163.278618,1.7863149999999999
768643163.27929,1.774688
768643165.035154,1.692652
768643165.046631,1.704009
768643166.9948729,1.881362
768643166.996176,1.894467
768643168.9005411,1.8425010000000002
768643168.912534,1.852429
768643170.739264,1.7587659999999998
768643170.739284,1.7723170000000001
768643172.453937,1.651577
768643172.454443,1.651076
768643174.139542,1.62121
768643174.139974,1.622984
768643175.9002631,1.696361
768643175.900784,1.697874
768643177.7682279,1.804031
768643177.769446,1.804923
768643179.4810171,1.646324
768643179.481398,1.6446399999999999
768643181.452173,1.907508
768643181.465239,1.919701
768643183.32058,1.788757
768643183.320991,1.8022529999999999
768643185.469956,2.085222
768643185.481328,2.096578
768643187.417552,1.869449
768643187.417712,1.881081
768643189.398134,1.916348
768643189.4108989,1.929699
768643191.237794,1.760004
768643191.26822,1.8037299999999998
768643193.119211,1.8179640000000001
768643193.130382,1.798157
768643194.8740419,1.6767699999999999
768643194.8861109,1.700786
768643196.828319,1.878791
768643196.839996,1.902626
768643198.84276,1.935693
768643198.85549,1.9607819999999998
768643200.737318,1.8179990000000001
768643200.748955,1.8424310000000002
768643202.777238,1.9615729999999998
768643202.7896669,1.9858900000000002
768643204.706506,1.86557
768643204.719226,1.866191
768643206.418849,1.6359700000000001
768643206.430361,1.660487
768643208.329279,1.847151
768643208.341156,1.8471819999999999
768643210.260416,1.864648
768643210.27072,1.8628939999999998
768643212.115902,1.781263
768643212.131058,1.8072590000000002
768643213.892871,1.694868
768643213.904172,1.721334
768643215.6366321,1.668596
768643215.637258,1.680965
768643217.4351209,1.734555
768643217.4471691,1.746467
768643219.1377759,1.623216
768643219.1505309,1.648886
768643220.9987911,1.7969
768643221.010864,1.7964490000000002
768643222.67704,1.6005539999999998
768643222.677876,1.5893730000000001
768643224.469236,1.7141000000000002
768643224.46995,1.715575
768643226.140651,1.614644
768643226.1533811,1.6260160000000001
768643228.76605,2.5489010000000003
768643228.777046,2.572787
768643231.1545831,2.310952
768643231.1668221,2.333955
768643233.533919,2.292595
768643233.544384,2.314675
768643235.780121,2.175856
768643235.7808521,2.187016
768643237.880648,2.037204
768643237.881084,2.036322
768643239.553398,1.609067
768643239.5653759,1.620935
768643241.322478,1.705637
768643241.3344359,1.7049809999999999
768643243.017927,1.628919
768643243.029699,1.629189
768643244.790996,1.709677
768643244.802052,1.7084590000000002
768643246.477469,1.608024
768643246.478045,1.619913
768643248.3134149,1.771621
768643248.325438,1.7840239999999998
768643250.136936,1.748166
768643250.1477971,1.77122
768643251.988293,1.788089
768643251.99986,1.7885609999999998
768643253.784622,1.6952429999999998
768643253.796529,1.716558
768643262.3822551,8.533885
768643262.391482,8.528663
768643263.960466,1.498741
768643263.960566,1.508538
768643265.6026111,1.554831
768643265.6031771,1.551423
768643267.423286,1.7528629999999998
768643267.424113,1.754081
768643269.304036,1.816691
768643269.304131,1.7994409999999998
768643271.417288,2.045804
768643271.417999,2.0473980000000003
768643273.531376,2.049543
768643273.543414,2.062849
768643275.5084001,1.8985409999999998
768643275.509338,1.911411
768643277.438054,1.865214
768643277.448089,1.876525
768643279.255106,1.746896
768643279.255156,1.750281
768643281.1337789,1.8032650000000001
768643281.138688,1.820204
768643283.0084621,1.79078
768643283.0208961,1.7922339999999999
768643284.821991,1.729257
768643284.8333831,1.749512
768643286.647924,1.7390629999999998
768643286.6735181,1.775186
768643288.335283,1.603877
768643288.335298,1.6145669999999999
768643290.0289179,1.629339
768643290.029213,1.629931
768643291.58861,1.495944
768643291.5888201,1.4965600000000001
768643293.2475181,1.595526
768643293.259105,1.606095
768643295.013948,1.688202
768643295.026402,1.712384
768643296.973571,1.857518
768643296.978108,1.900466
768643298.8087709,1.763432
768643298.808821,1.7757999999999998
768643300.470381,1.5964429999999998
768643300.482399,1.598455
768643302.239411,1.7056930000000001
768643302.251629,1.705352
768643303.968638,1.6444020000000001
768643303.9801799,1.6669930000000002
768643305.7131109,1.641077
768643305.728156,1.649686
768643307.360863,1.5817940000000001
768643307.3704569,1.582669
768643309.1670699,1.742287
768643309.178551,1.750809
768643310.928031,1.6827089999999998
768643310.9284519,1.694717
768643312.708507,1.716793
768643312.7203001,1.728416
768643314.636663,1.861576
768643314.64822,1.861866
768643316.302949,1.602893
768643316.3142,1.602447
768643318.083961,1.717485
768643318.095839,1.718097
768643319.7991561,1.651988
768643319.810327,1.65082
768643321.571002,1.6898499999999999
768643321.571368,1.698041
768643323.358997,1.709875
768643323.361162,1.7233479999999999
768643325.090155,1.6739089999999999
768643325.094584,1.669067
768643327.0339609,1.872862
768643327.0345169,1.88392
768643328.8813391,1.782743
768643328.8932511,1.796289
768643330.637253,1.677046
768643330.637965,1.690392
768643332.28045,1.579659
768643332.292714,1.5907339999999999
768643333.9096689,1.565501
768643333.921798,1.565726
768643335.639779,1.666391
768643335.660923,1.675783
768643337.3757471,1.6624949999999998
768643337.386291,1.662171
768643339.161017,1.706974
768643339.188295,1.7447219999999999
768643341.0063651,1.7604680000000001
768643341.0176669,1.799661
768643342.628433,1.562702
768643342.645133,1.5678210000000001
768643344.26032,1.5747140000000002
768643344.260501,1.551333
768643346.057671,1.733688
768643346.071954,1.747775
768643347.78993,1.668456
768643347.802224,1.672309
768643349.494645,1.641197
768643349.494706,1.628823
768643351.281146,1.7200360000000001
768643351.2811509,1.718487
768643353.906124,2.56145
768643353.9180571,2.573118
768643356.175044,2.2023490000000003
768643356.1753991,2.190236
768643358.179276,1.940885
768643358.190307,1.951054
768643359.90043,1.657179
768643359.912192,1.658042
768643361.686224,1.722351
768643361.69768,1.721745
768643363.475165,1.710589
768643363.475421,1.722546
768643365.267114,1.728069
768643365.2672391,1.728341
768643367.047405,1.713155
768643367.059178,1.723765
768643368.830268,1.7192939999999999
768643368.830278,1.707502
768643370.649963,1.752525
768643370.652962,1.75643
768643372.431033,1.7242920000000002
768643372.443247,1.726556
768643374.262519,1.7522060000000002
768643374.27388,1.776337
768643376.085827,1.7367890000000001
768643376.093345,1.767341
768643377.8168371,1.671041
768643377.833851,1.679975
768643379.610486,1.7022389999999998
768643379.627097,1.753534
768643381.433464,1.7308
768643381.442286,1.774932
768643383.188291,1.687711
768643383.1884971,1.68574
768643385.001845,1.74962
768643385.002015,1.749354
768643386.819724,1.750276
768643386.8317771,1.7504359999999999
768643388.6708549,1.787608
768643388.6827819,1.787633
768643390.408552,1.671447
768643390.4214821,1.671724
768643392.149947,1.664998
768643392.152568,1.6805539999999999
768643393.838009,1.5945580000000001
768643393.850062,1.608902
768643395.6157241,1.7030960000000002
768643395.627887,1.713942
768643397.235536,1.5437
768643397.263729,1.58423
768643398.989151,1.665896
768643399.0001091,1.6870120000000002
768643401.224501,2.177998
768643401.2362089,2.178744
768643403.003204,1.712318
768643403.00334,1.700375
768643404.784754,1.718187
768643404.796942,1.729894
768643406.431008,1.579453
768643406.443311,1.579493
768643408.277373,1.782933
768643408.277533,1.770594
768643409.94862,1.607218
768643409.948946,1.6081960000000002
768643411.776677,1.7635070000000002
768643411.777013,1.764409
768643413.5788851,1.738393
768643413.57908,1.7386789999999999
768643415.322009,1.676119
768643415.322631,1.6767100000000001
768643417.055802,1.669999
768643417.067479,1.6808999999999998
768643418.813616,1.6913239999999998
768643418.8172741,1.683521
768643420.5467321,1.670014
768643420.5621179,1.681065
768643422.3143189,1.7038330000000002
768643422.3143339,1.6883219999999999
768643424.0538,1.675878
768643424.063187,1.684683
768643425.742508,1.6119789999999998
768643425.743224,1.621286
768643427.5230441,1.716788
768643427.52319,1.7166379999999999
768643429.369439,1.782992
768643429.381222,1.7942189999999998
768643431.036627,1.588715
768643431.048715,1.613006
768643432.838038,1.738078
768643432.838193,1.72584
768643434.589892,1.685405
768643434.590238,1.684658
768643436.376824,1.722913
768643436.377105,1.724091
768643438.125527,1.685706
768643438.1255771,1.683817
768643439.780501,1.591547
768643439.7805359,1.590935
768643441.520519,1.676701
768643441.531379,1.6870500000000002
768643443.323894,1.725675
768643443.3242401,1.737312
768643445.120283,1.7315880000000001
768643445.132497,1.744924
768643446.765855,1.566879
768643446.766803,1.580181
768643448.529307,1.6988610000000002
768643448.529899,1.700972
768643450.250441,1.656804
768643450.251032,1.658658
768643451.986048,1.67017
768643451.99763,1.683431
768643453.7985741,1.717194
768643453.7986641,1.70886
768643455.601232,1.735862
768643455.6133211,1.751398
768643457.3827211,1.718151
768643457.3944739,1.717705
768643459.1324259,1.68309
768643459.144399,1.683115
768643460.819149,1.623405
768643460.8312329,1.622609
768643462.67634,1.778171
768643462.68489,1.799711
768643464.39066,1.6424759999999998
768643464.437962,1.698561
768643466.170863,1.669027
768643466.17155,1.723371
768643467.912745,1.660558
768643467.913036,1.6640599999999999
768643469.7167909,1.7398470000000001
768643469.716882,1.728062
768643471.460212,1.66508
768643471.461009,1.676068
768643473.224676,1.701212
768643473.2362831,1.711967
768643474.994433,1.7030560000000001
768643475.005854,1.7028860000000001
768643476.843915,1.774561
768643476.849428,1.772016
768643478.661573,1.745716
768643478.661814,1.75876
768643480.378492,1.641324
768643480.378862,1.6525940000000001
768643482.0216429,1.579634
768643482.021899,1.570847
768643483.724339,1.6385010000000002
768643483.7367129,1.6515060000000001
768643485.496486,1.6796490000000002
768643485.5077031,1.719861
768643487.2763921,1.7033129999999999
768643487.276583,1.6959
768643489.027305,1.686478
768643489.038922,1.697514
768643490.806238,1.700521
768643490.806619,1.7123780000000002
768643492.556409,1.685951
768643492.556419,1.686733
768643494.3357431,1.7151550000000002
768643494.336069,1.716428
768643496.235162,1.834567
768643496.246994,1.8471570000000002
768643498.047117,1.745309
768643498.047242,1.7160369999999998
768643499.8390551,1.727945
768643499.8588481,1.748659
768643501.611949,1.696038
768643501.623631,1.721184
768643503.336265,1.645567
768643503.336866,1.6478000000000002
768643505.277596,1.853769
768643505.293919,1.8718700000000001
768643506.9703181,1.633167
768643506.975821,1.6150069999999999
768643508.781301,1.74136
768643508.793299,1.763114
768643510.7460309,1.8982160000000001
768643510.7538171,1.893879
768643512.520283,1.709116
768643512.520399,1.7108539999999999
768643514.302945,1.7189539999999999
768643514.303191,1.719915
768643516.2039721,1.837675
768643516.2165971,1.8486609999999999
768643518.119699,1.8492520000000001
768643518.12006,1.8361370000000001
768643519.8950441,1.7116259999999999
768643519.895219,1.7123979999999999
768643521.644338,1.6856250000000002
768643521.655594,1.696587
768643523.45954,1.73671
768643523.4596951,1.748798
768643525.413305,1.889911
768643525.423965,1.9000899999999998
768643527.18407,1.693014
768643527.1960529,1.715515
768643529.0326151,1.773265
768643529.044648,1.797101
768643530.8300561,1.7186379999999999
768643530.8301921,1.731166
768643532.9135131,2.018842
768643532.925381,2.032017
768643534.7528521,1.773285
768643534.753544,1.761187
768643536.656476,1.84002
768643536.665762,1.8479889999999999
768643538.355951,1.626768
768643538.359998,1.646065
768643540.0442101,1.608598
768643540.062207,1.649232
768643541.795288,1.682999
768643541.7956339,1.6663610000000002
768643543.428923,1.555372
768643543.429514,1.557056
768643545.249989,1.7561950000000002
768643545.262142,1.7691700000000001
768643547.0655831,1.7256960000000001
768643547.066099,1.737925
768643548.848009,1.7071939999999999
768643548.860127,1.7307309999999998
768643550.712531,1.786
768643550.713102,1.7988089999999999
768643552.534078,1.756461
768643552.5343591,1.7576390000000002
768643554.4770031,1.878595
768643554.4776349,1.880213
768643556.31993,1.7799800000000001
768643556.3315871,1.789217
768643558.087477,1.68946
768643558.102051,1.716032
768643559.792228,1.626668
768643559.792528,1.641653
768643561.586121,1.7298229999999999
768643561.586176,1.7300200000000001
768643563.39296,1.739197
768643563.393209,1.740599
768643565.1822461,1.732495
768643565.182772,1.7260199999999999
768643566.969704,1.7194989999999999
768643566.9699539,1.721174
768643568.859144,1.8125229999999999
768643568.859264,1.826373
768643570.657111,1.731903
768643570.668252,1.740985
768643572.585508,1.843088
768643572.586455,1.860458
768643574.435235,1.7903719999999999
768643574.435305,1.781609
768643576.329978,1.830403
768643576.3324189,1.833563
768643578.145106,1.751092
768643578.161233,1.763482
768643579.879735,1.654794
768643579.880868,1.678717
768643581.855065,1.912088
768643581.865469,1.9204370000000002
768643583.641706,1.719154
768643583.642423,1.716542
768643585.453626,1.73612
768643585.4543979,1.748497
768643587.283949,1.76245
768643587.307876,1.788147
768643589.08551,1.719941
768643589.0857551,1.7385840000000001
768643590.938025,1.785568
768643590.93813,1.7851430000000001
768643592.644549,1.642882
768643592.6563519,1.655139
768643594.453778,1.743114
768643594.466598,1.743104
768643596.203808,1.686322
768643596.204565,1.674164
768643598.204753,1.9347509999999999
768643598.205149,1.9330969999999998
768643599.960588,1.6917600000000002
768643599.973172,1.7050660000000002
768643601.80804,1.741726
768643601.819357,1.768699
768643604.1134189,2.239255
768643604.119889,2.233807
768643606.435793,2.248417
768643606.461343,2.280583
768643608.7764189,2.257281
768643608.787585,2.285187
768643611.033654,2.190729
768643611.050014,2.1951330000000002
768643613.077209,1.9867029999999999
768643613.0822871,1.96873
768643614.68073,1.531607
768643614.68107,1.5432919999999999
768643616.337363,1.5931009999999999
768643616.34887,1.603213
768643618.159692,1.743962
768643618.1603991,1.756225
768643619.862658,1.615718
768643619.863194,1.615417
768643622.0264319,2.099074
768643622.026608,2.100191
768643623.8842089,1.789879
768643623.884449,1.791883
768643625.612389,1.665149
768643625.6125741,1.664196
768643627.4903381,1.810081
768643627.4909999,1.811704
768643629.325136,1.770944
768643629.336924,1.781394
768643631.128491,1.737406
768643631.128867,1.725053
768643633.0010121,1.8084069999999999
768643633.012684,1.82066
768643634.7808119,1.713791
768643634.780942,1.701312
768643636.498237,1.652855
768643636.510054,1.665895
768643638.4418681,1.877157
768643638.44256,1.8655849999999998
768643640.2667531,1.7608210000000002
768643640.2789071,1.7720719999999999
768643642.152164,1.79512
768643642.1637859,1.8179610000000002
768643643.9497341,1.721702
768643643.9666,1.751209
768643645.6352559,1.571511
768643645.647079,1.606955
768643647.522629,1.807274
768643647.523222,1.821582
768643649.6955171,2.1155190000000004
768643649.696291,2.115631
768643651.431921,1.676402
768643651.432067,1.674284
768643653.440113,1.944774
768643653.4521309,1.9557950000000002
768643655.265153,1.746332
768643655.266156,1.759724
768643657.0708339,1.7404140000000001
768643657.082887,1.754652
768643658.95624,1.818586
768643658.967842,1.817719
768643660.721868,1.702179
768643660.733825,1.702194
768643662.5253831,1.724496
768643662.5254879,1.7367000000000001
768643664.2684469,1.67909
768643664.269024,1.680283
768643666.101486,1.767922
768643666.1044531,1.772909
768643667.876986,1.712638
768643667.891901,1.723264
768643669.786889,1.83118
768643669.78723,1.846876
768643671.5273031,1.654528
768643671.52816,1.6744539999999999
768643673.547923,1.956912
768643673.559906,1.967276
768643675.377043,1.7630460000000001
768643675.37796,1.7508219999999999
768643677.1963251,1.7544259999999998
768643677.208629,1.767597
768643678.894109,1.631179
768643678.894575,1.6192209999999998
768643680.825993,1.868446
768643680.838142,1.879437
768643682.647245,1.742734
768643682.659443,1.767541
768643684.362777,1.652225
768643684.379419,1.6564130000000001
768643686.1046921,1.685425
768643686.105689,1.6504919999999998
768643687.76992,1.588878
768643687.770562,1.588435
768643689.525123,1.6906079999999999
768643689.525639,1.691259
768643691.174895,1.5717979999999998
768643691.175206,1.572559
768643692.981347,1.74276
768643692.98144,1.742495
768643694.68071,1.638683
768643694.6813921,1.6401899999999998
768643696.4769939,1.732626
768643696.4774301,1.73238
768643698.120141,1.579925
768643698.1203771,1.5787520000000002
768643699.955356,1.770965
768643699.956053,1.7726529999999998
768643701.7213039,1.67869
768643701.721414,1.673643
768643703.546224,1.75825
768643703.5465701,1.7579740000000001
768643705.316805,1.707111
768643705.326572,1.715743
768643707.159439,1.7727089999999999
768643707.15993,1.7675360000000002
768643708.9114391,1.688518
768643708.923046,1.699498
768643710.669086,1.690462
768643710.679607,1.6902519999999999
768643712.633489,1.8967289999999999
768643712.634019,1.907876
768643714.470075,1.779352
768643714.4701791,1.7782900000000001
768643716.246086,1.7185810000000001
768643716.262028,1.7341170000000001
768643718.091609,1.763608
768643718.104885,1.79251
768643719.7932271,1.6247989999999999
768643719.8057309,1.650344
768643721.7885239,1.931698
768643721.800396,1.930661
768643723.678245,1.8110220000000001
768643723.678951,1.823602
768643725.442413,1.700591
768643725.443095,1.699709
768643727.898052,2.388197
768643727.898849,2.3889739999999997
768643730.2937421,2.332201
768643730.2944031,2.331204
768643732.6595609,2.298057
768643732.67171,2.311995
768643735.0535569,2.314917
768643735.054043,2.327481
768643737.4339911,2.292574
768643737.445783,2.306622
768643739.080631,1.568237
768643739.080766,1.579975
768643740.879285,1.735426
768643740.890972,1.746241
768643742.489439,1.532053
768643742.48956,1.543986
768643744.191508,1.6380050000000002
768643744.20272,1.649712
768643745.996272,1.741486
768643746.00848,1.742353
768643747.625421,1.565385
768643747.636852,1.564684
768643749.493952,1.7935169999999998
768643749.5056651,1.816816
768643751.204787,1.644415
768643751.216163,1.643974
768643752.92778,1.658863
768643752.939036,1.658743
768643754.853545,1.8590849999999999
768643754.85358,1.847844
768643756.7129259,1.79502
768643756.713191,1.796549
768643758.4353169,1.6564830000000001
768643758.451374,1.6705299999999998
768643760.134544,1.619577
768643760.136243,1.643291
768643761.9489219,1.749219
768643761.949672,1.7517539999999998
768643763.645657,1.6399430000000002
768643763.646155,1.639022
768643765.5403291,1.837016
768643765.551816,1.848584
768643767.483384,1.864613
768643767.495107,1.887831
768643769.42657,1.879412
768643769.438337,1.879156
768643771.275761,1.7831380000000001
768643771.276137,1.770403
768643772.940799,1.6008330000000002
768643772.952622,1.612856
768643774.790692,1.783809
768643774.792622,1.7725989999999998
768643776.465017,1.608401
768643776.4772401,1.622834
768643778.29771,1.753569
768643778.2978,1.766434
768643780.058771,1.697162
768643780.073175,1.711481
768643781.714603,1.574513
768643781.744873,1.61877
768643783.385584,1.6186589999999998
768643783.3860149,1.577303
768643785.259418,1.80982
768643785.271441,1.821783
768643787.043679,1.7077419999999999
768643787.056193,1.7095420000000001
768643788.7353129,1.607911
768643788.74673,1.629473
768643790.4443561,1.619829
768643790.454371,1.639029
768643792.152262,1.655646
768643792.1570129,1.650637
768643793.892966,1.6777330000000001
768643793.893377,1.672365
768643795.6561129,1.6985469999999998
768643795.656173,1.6993530000000001
768643797.6777561,1.957544
768643797.6891129,1.9699779999999998
768643799.4838531,1.739611
768643799.496542,1.740764
768643801.312451,1.752481
768643801.323993,1.776518
768643803.1003101,1.7215399999999998
768643803.1109649,1.7204270000000002
768643804.9472159,1.783418
768643804.958788,1.7840799999999999
768643806.618935,1.6023260000000001
768643806.61906,1.593517
768643808.469625,1.787608
768643808.481362,1.7985989999999998
768643810.259989,1.715385
768643810.2602999,1.726782
768643812.0984361,1.774613
768643812.1117721,1.787844
768643813.8402771,1.6748150000000002
768643813.852877,1.674054
768643815.549839,1.6460139999999999
768643815.5504999,1.633389
768643817.394189,1.780529
768643817.399071,1.785563
768643819.152544,1.698143
768643819.164758,1.686652
768643820.873613,1.646646
768643820.899363,1.661346
768643822.7334199,1.7848149999999998
768643822.74966,1.789123
768643824.468931,1.662186
768643824.479831,1.689507
768643826.245521,1.6904730000000001
768643826.246043,1.701431
768643828.046232,1.743746
768643828.060245,1.7562389999999999
768643829.777489,1.663765
768643829.789552,1.66164
768643831.458925,1.605965
768643831.470717,1.6292039999999999
768643833.298735,1.764509
768643833.311063,1.7887009999999999
768643835.133563,1.768224
768643835.146197,1.768333
768643836.923802,1.713917
768643836.934778,1.7371159999999999
768643838.588825,1.5874570000000001
768643838.600437,1.60991
768643840.2903019,1.626528
768643840.290463,1.6382809999999999
768643841.9764841,1.622649
768643841.988297,1.634136
768643843.703146,1.663154
768643843.729284,1.677723
768643845.564608,1.777229
768643845.594275,1.818243
768643847.426791,1.7816480000000001
768643847.437299,1.7612089999999998
768643849.234864,1.7400740000000001
768643849.246907,1.7628439999999999
768643851.1009899,1.7875180000000002
768643851.113459,1.81198
768643853.727859,2.56331
768643853.73938,2.562303
768643856.0916541,2.2973749999999997
768643856.104318,2.2983729999999998
768643858.434961,2.27976
768643858.447109,2.278722
768643860.645785,2.1353679999999997
768643860.657698,2.158622
768643862.482678,1.758441
768643862.483154,1.770494
768643864.155363,1.6076540000000001
768643864.156877,1.610316
768643866.03259,1.8087769999999999
768643866.044473,1.823096
768643867.624733,1.528841
768643867.625365,1.517144
768643869.3040639,1.614515
768643869.315721,1.627029
768643871.096213,1.713666
768643871.104868,1.7335969999999998
768643872.8426551,1.665253
768643872.85305,1.684753
768643874.636287,1.719805
768643874.65395,1.735126
768643876.341336,1.648041
768643876.35687,1.64456
768643878.219853,1.7965389999999999
768643878.220345,1.818655
768643880.0406489,1.756506
768643880.047966,1.7643389999999999
768643881.831009,1.706538
768643881.841874,1.7119769999999999
768643883.578744,1.684102
768643883.5911629,1.668376
768643885.29876,1.643637
768643885.310312,1.66825
768643887.1216351,1.7442479999999998
768643887.133553,1.768269
768643888.9884429,1.791196
768643889.0003899,1.815167
768643890.904982,1.837855
768643890.905728,1.85063
768643892.9474989,1.9772560000000001
768643892.959311,1.990757
768643894.666156,1.640144
768643894.666427,1.652012
768643896.633914,1.903854
768643896.645591,1.915085
768643898.45925,1.750086
768643898.4595261,1.7614530000000002
768643900.384258,1.860768
768643900.4107699,1.886965
768643902.1022191,1.625586
768643902.102565,1.652193
768643903.91441,1.748056
768643903.914565,1.748447
768643905.662215,1.6838510000000002
768643905.663007,1.6852049999999998
768643907.364304,1.636326
768643907.36469,1.634501
768643909.073124,1.6449660000000002
768643909.085794,1.657264
768643910.968684,1.815934
768643910.969235,1.8292549999999999
768643912.751731,1.719274
768643912.763434,1.730164
768643914.5157851,1.685279
768643914.516371,1.697794
768643916.204561,1.607522
768643916.210575,1.624147
768643917.9906551,1.738369
768643917.993715,1.731388
768643919.774627,1.73644
768643919.775158,1.729061
768643921.638626,1.789385
768643921.668703,1.82087
768643923.417476,1.675878
768643923.417531,1.724466
768643925.305704,1.824875
768643925.31725,1.8357
768643927.038484,1.654759
768643927.038916,1.666702
768643928.789969,1.686599
768643928.802082,1.700796
768643930.567018,1.7106039999999998
768643930.5754421,1.707171
768643932.241091,1.600177
768643932.2702941,1.639553
768643933.963367,1.629304
768643933.963493,1.657962
768643935.818137,1.7912519999999998
768643935.818217,1.79064
768643937.689911,1.80762
768643937.690267,1.808838
768643939.638584,1.8807800000000001
768643939.650848,1.8943569999999998
768643941.58388,1.881788
768643941.595818,1.8810859999999998
768643943.529737,1.866983
768643943.529892,1.879422
768643945.520618,1.927781
768643945.533576,1.940001
768643947.371288,1.778183
768643947.371769,1.7915999999999999
768643949.149585,1.713711
768643949.161808,1.726832
768643951.165951,1.9369260000000001
768643951.1783249,1.9618589999999998
768643953.170416,1.928202
768643953.1809751,1.95107
768643955.079546,1.8497839999999999
768643955.091303,1.850542
768643956.881433,1.72611
768643956.893897,1.7513290000000001
768643958.7341671,1.786576
768643958.7462311,1.7850469999999998
768643960.6941019,1.8965919999999998
768643960.70615,1.896236
768643962.558634,1.776788
768643962.5707431,1.776672
768643964.342534,1.7200010000000001
768643964.354948,1.720302
768643966.377829,1.9686199999999998
768643966.37809,1.9555839999999998
768643968.210908,1.769015
768643968.211544,1.7692
768643970.257559,1.980617
768643970.269868,1.990867
768643972.0904781,1.769376
768643972.100331,1.766279
768643973.7672081,1.609504
768643973.779427,1.6112069999999998
768643975.4450209,1.6144399999999999
768643975.4565431,1.613227
768643977.806064,2.285914
768643977.80619,2.29733
768643980.133204,2.2599080000000002
768643980.146365,2.272557
768643982.475078,2.261662
768643982.487427,2.286841
768643984.163545,1.6120189999999999
768643984.1652889,1.6271090000000001
768643985.855857,1.62342
768643985.856102,1.627054
768643987.516138,1.595862
768643987.5165291,1.5969440000000001
768643989.232335,1.652323
768643989.243747,1.66372
768643990.848911,1.5386639999999998
768643990.849191,1.55006
768643992.66709,1.754607
768643992.678843,1.766405
768643994.469679,1.739294
768643994.470793,1.728621
768643996.2258769,1.696968
768643996.2369189,1.710067
768643998.00813,1.711247
768643998.009152,1.723704
768643999.8442509,1.772904
768643999.844627,1.771641
768644001.566993,1.6593440000000002
768644001.577798,1.669443
768644003.392339,1.74784
768644003.403987,1.7703689999999999
768644005.2829269,1.8220319999999999
768644005.293773,1.844492
768644007.146142,1.7967650000000002
768644007.157097,1.79694
768644008.8875769,1.677812
768644008.899515,1.67877
768644010.815187,1.84879
768644010.8278611,1.8735780000000002
768644012.620712,1.7421820000000001
768644012.633221,1.741672
768644014.424462,1.7408540000000001
768644014.424933,1.728165
768644016.365919,1.877678
768644016.378553,1.889551
768644018.093417,1.661024
768644018.094304,1.649181
768644019.935993,1.779299
768644019.936149,1.7779099999999999
768644021.834064,1.833404
768644021.834114,1.8345429999999998
768644023.64221,1.740684
768644023.643448,1.742743
768644025.441285,1.735737
768644025.453663,1.7461309999999999
768644027.293388,1.785884
768644027.2947661,1.774017
768644029.251092,1.893966
768644029.264173,1.9059089999999999
768644030.9536681,1.622884
768644030.964142,1.6468310000000002
768644032.769316,1.741742
768644032.769687,1.752752
768644034.5172809,1.680716
768644034.5313439,1.695554
768644036.294802,1.7206540000000001
768644036.3069749,1.718781
768644038.290068,1.929113
768644038.290494,1.916107
768644040.20344,1.837393
768644040.2039161,1.837961
768644041.976594,1.695668
768644041.9766439,1.695042
768644043.872244,1.8217960000000002
768644043.873497,1.8232700000000002
768644045.7433571,1.807975
768644045.744063,1.806462
768644047.63888,1.829197
768644047.6395301,1.82788
768644049.594304,1.898985
768644049.595267,1.898244
768644051.430948,1.777104
768644051.4325471,1.776798
768644053.232549,1.738419
768644053.2453289,1.7486380000000001
768644055.053916,1.7551629999999998
768644055.0539811,1.741781
768644056.748929,1.63202
768644056.76033,1.642455
768644058.536196,1.721134
768644058.538732,1.711541
768644060.210395,1.6109959999999999
768644060.275437,1.67273
768644062.050536,1.711681
768644062.052099,1.785598
768644063.70357,1.5878430000000001
768644063.7091279,1.596303
768644065.573319,1.779707
768644065.575375,1.807865
768644067.2705541,1.637616
768644067.287863,1.645432
768644069.004591,1.677005
768644069.017215,1.665278
768644070.757443,1.686758
768644070.770308,1.686508
768644072.676763,1.8424610000000001
768644072.68707,1.8667200000000002
768644074.405915,1.6626379999999998
768644074.434702,1.687559
768644076.140811,1.677664
768644076.140841,1.625802
768644078.0047619,1.7740010000000002
768644078.03173,1.80057
768644079.686473,1.5970010000000001
768644079.697183,1.6220080000000001
768644081.401994,1.641222
768644081.4030809,1.652955
768644082.9794921,1.5116260000000001
768644082.989353,1.519409
768644084.52434,1.504631
768644084.580271,1.54335
768644086.360983,1.714619
768644086.372941,1.789197
768644088.2165301,1.779063
768644088.228338,1.7917180000000001
768644089.9695879,1.6742549999999998
768644089.9807141,1.6977540000000002
768644091.801836,1.757992
768644091.814595,1.7819800000000001
768644093.6651291,1.806537
768644093.6771569,1.799225
768644095.512061,1.780902
768644095.524139,1.7801259999999999
768644097.253607,1.6779169999999999
768644097.253897,1.665995
768644098.9549489,1.634987
768644099.056951,1.735868
768644100.404074,1.418787
768644100.4627861,1.3426770000000001
768644102.787334,2.25866
768644102.800044,2.329796
768644105.021342,2.1703799999999998
768644105.0334749,2.169763
768644106.840253,1.739982
768644106.9081609,1.820725
768644108.690638,1.719524
768644108.7030209,1.798393
768644110.276392,1.507188
768644110.36195,1.6051030000000002
768644111.696008,1.389721
768644111.786538,1.361054
768644112.961208,1.234897
768644113.3498329,1.499843
768644114.4806919,1.453214
768644114.883931,1.467242
768644115.922375,1.3783599999999998
768644116.337081,1.389451
768644117.236395,1.283483
768644117.6558219,1.251573
768644118.601482,1.299363
768644119.260704,1.551792
768644119.658131,1.026667
768644120.610497,1.2733510000000001
768644120.882286,1.184639
768644122.025389,1.1114110000000001
768644122.082698,1.418199
768644123.398036,1.2633480000000001
768644123.3982611,1.342632
768644125.101979,1.6407909999999999
768644125.113647,1.651727
768644126.856125,1.660607
768644126.856245,1.6874749999999998
768644128.380939,1.449729
768644128.442314,1.512833
768644129.838119,1.343512
768644129.838796,1.427139
768644131.58814,1.68526
768644131.600604,1.69825
768644133.31198,1.638496
768644133.323356,1.664668
768644134.761025,1.372338
768644134.84705,1.452248
768644136.1541489,1.243692
768644136.155452,1.3643990000000001
768644137.588442,1.369769
768644137.662782,1.4462730000000001
768644139.147331,1.5290169999999998
768644139.205364,1.4790050000000001
768644140.748464,1.4861449999999998
768644140.760542,1.583017
768644142.620309,1.805441
768644142.632393,1.8047600000000001
768644144.481758,1.804593
768644144.482981,1.793215
768644146.235377,1.6910079999999998
768644146.2473049,1.7008159999999999
768644148.0976211,1.799199
768644148.11153,1.80069
768644149.7713469,1.613485
768644149.77243,1.601256
768644151.887025,2.0521540000000003
768644151.8872851,2.05028
768644153.7171221,1.7669910000000002
768644153.761716,1.810481
768644155.4793609,1.696271
768644155.491158,1.663489
768644157.3041509,1.761251
768644157.315763,1.761011
768644159.09626,1.713597
768644159.108984,1.738278
768644160.980433,1.8079210000000001
768644160.9919449,1.832037
768644162.7826151,1.724125
768644162.794894,1.7482520000000001
768644164.5803621,1.722061
768644164.592165,1.746161
768644166.379242,1.7236339999999999
768644166.3908689,1.747195
768644168.152351,1.709772
768644168.155278,1.700947
768644169.8419011,1.6231200000000001
768644169.853398,1.630793
768644171.5489459,1.643537
768644171.5494679,1.632613
768644173.3582749,1.7451439999999998
768644173.369812,1.756927
768644175.274879,1.8385470000000002
768644175.2864059,1.86169
768644177.160936,1.811248
768644177.172989,1.835089
768644179.0408751,1.8014350000000001
768644179.0533439,1.826168
768644180.8845379,1.7677319999999999
768644180.896341,1.791998
768644182.830621,1.855551
768644182.842518,1.8796819999999999
768644184.728511,1.799791
768644184.739346,1.845183
768644186.386487,1.5946339999999999
768644186.398164,1.5952250000000001
768644188.204115,1.7541099999999998
768644188.217697,1.75606
768644190.000609,1.71527
768644190.011901,1.741842
768644191.7569051,1.681121
768644191.7699201,1.7060790000000001
768644193.559077,1.738805
768644193.5725739,1.738949
768644195.3015101,1.676304
768644195.317051,1.6774559999999998
768644197.044895,1.664135
768644197.054819,1.689685
768644198.907812,1.7865739999999999
768644198.910045,1.797612
768644200.709395,1.744626
768644200.7249011,1.757214
768644202.481876,1.695381
768644202.4929091,1.691864
768644204.274202,1.7239689999999999
768644204.28645,1.747543
768644206.1094279,1.7566089999999999
768644206.139286,1.7985259999999998
768644207.8063179,1.639637
768644207.8333961,1.636944
768644209.558213,1.661309
768644209.5697299,1.7063840000000001
768644211.3342891,1.709326
768644211.3462969,1.710148
768644213.186954,1.77729
768644213.198661,1.800593
768644214.910483,1.65745
768644214.9224559,1.656644
768644216.793659,1.807564
768644216.805105,1.830934
768644218.56531,1.693529
768644218.565435,1.7052619999999998
768644220.2594751,1.630307
768644220.271313,1.6424860000000001
768644222.140018,1.817564
768644222.168862,1.834056
768644224.100406,1.858642
768644224.122892,1.911498
768644225.907931,1.730948
768644225.908091,1.723368
768644228.5629389,2.579901
768644228.571048,2.587013
768644230.760051,2.111562
768644230.760643,2.119231
768644232.5592719,1.735812
768644232.5711889,1.746537
768644234.377481,1.752176
768644234.392421,1.754466
768644236.202221,1.745967
768644236.218945,1.7779060000000002
768644238.013349,1.72845
768644238.02897,1.7595530000000001
768644239.8216151,1.7447890000000001
768644239.836971,1.7444929999999998
768644241.570468,1.685461
768644241.582431,1.6817170000000001
768644243.467188,1.830099
768644243.467313,1.8179669999999999
768644245.411594,1.887145
768644245.411764,1.886342
768644247.231964,1.7527490000000001
768644247.234907,1.756537
768644248.939801,1.6508479999999999
768644248.939966,1.647362
768644250.713992,1.6954889999999998
768644250.714824,1.697011
768644252.405998,1.61565
768644252.4151989,1.626237
768644254.236473,1.740814
768644254.237391,1.764408
768644256.0745469,1.781164
768644256.080816,1.786323
768644257.834455,1.6771500000000001
768644257.8458769,1.6942229999999998
768644259.648285,1.738719
768644259.648575,1.750461
768644261.448478,1.7352509999999999
768644261.4602901,1.749134
768644263.228894,1.701803
768644263.2325029,1.7174099999999999
768644265.151502,1.85468
768644265.160493,1.868041
768644267.021092,1.794068
768644267.021192,1.802548
768644268.946656,1.861681
768644268.955191,1.870031
768644270.718377,1.6964460000000001
768644270.719034,1.705056
768644272.608915,1.8098299999999998
768644272.623509,1.840506
768644274.727309,2.054479
768644274.731554,2.0445160000000002
768644276.633273,1.842646
768644276.637342,1.841323
768644278.7303159,2.025808
768644278.734491,2.0350099999999998
768644280.693874,1.89569
768644280.704424,1.91084
768644282.5909929,1.830718
768644282.591363,1.819853
768644284.8049589,2.149657
768644284.8167009,2.161619
768644286.753251,1.881813
768644286.753602,1.870101
768644288.5979971,1.780887
768644288.60997,1.7932160000000001
768644290.361279,1.70013
768644290.373969,1.700124
768644292.155082,1.71753
768644292.166122,1.7413299999999998
768644293.960521,1.727919
768644293.963689,1.7419619999999998
768644295.7163349,1.692491
768644295.728624,1.701152
768644297.415177,1.6353540000000002
768644297.4274861,1.635504
768644299.1844571,1.7030960000000002
768644299.185269,1.6675380000000002
768644301.323479,2.074537
768644301.3319191,2.0599030000000003
768644303.308141,1.909678
768644303.308928,1.918062
768644305.194716,1.823084
768644305.205473,1.831896
768644306.966284,1.7119929999999999
768644306.971088,1.7057909999999998
768644308.814491,1.768082
768644308.8221611,1.79833
768644310.617285,1.735093
768644310.617455,1.742348
768644312.599977,1.918037
768644312.611434,1.931268
768644314.425905,1.7510830000000002
768644314.4382579,1.774989
768644316.302415,1.8004580000000001
768644316.3271021,1.83771
768644318.3264691,1.932936
768644318.338677,1.9700030000000002
768644320.131262,1.728847
768644320.143335,1.7534239999999999
768644321.820421,1.6105909999999999
768644321.821193,1.622388
768644323.544792,1.660959
768644323.556995,1.6712319999999998
768644325.3303399,1.709571
768644325.341987,1.6957090000000001
768644327.0843301,1.675282
768644327.085112,1.638195
768644328.9461119,1.79743
768644328.95628,1.807797
768644330.607565,1.6015890000000002
768644330.6183391,1.602347
768644332.4483169,1.772346
768644332.460426,1.79576
768644334.193627,1.6701249999999999
768644334.205014,1.6933580000000001
768644336.102451,1.8454730000000001
768644336.115333,1.8471119999999999
768644337.906689,1.731492
768644337.935567,1.7731240000000001
768644339.8506119,1.886949
768644339.863141,1.855249
768644341.638506,1.7245959999999998
768644341.639889,1.713366
768644343.416762,1.711216
768644343.429156,1.72184
768644345.2166791,1.723329
768644345.2282261,1.748172
768644347.078691,1.7836049999999999
768644347.091125,1.80741
768644348.86429,1.709307
768644348.8758221,1.7337330000000002
768644350.595146,1.6530150000000001
768644350.6074901,1.676755
768644352.786164,2.115175
768644352.796481,2.138057
768644355.11406,2.257987
768644355.126053,2.279688
768644357.417466,2.2182399999999998
768644357.4285281,2.240335
768644359.69756,2.20938
768644359.710219,2.232999
768644362.038722,2.2781759999999998
768644362.039268,2.248245
768644363.812994,1.7103540000000002
768644363.825243,1.722195
768644365.592569,1.7038929999999999
768644365.603875,1.727328
768644367.342404,1.671373
768644367.354933,1.6956040000000001
768644369.075209,1.6569040000000002
768644369.086385,1.680153
768644370.91128,1.758515
768644370.911696,1.770162
768644372.512986,1.5369890000000002
768644372.524302,1.548276
768644374.3917321,1.8039020000000001
768644374.392181,1.815373
768644376.186596,1.737627
768644376.1882751,1.7386890000000002
768644378.0599179,1.804621
768644378.099881,1.8468829999999998
768644379.8197781,1.697319
768644379.836583,1.679528
768644381.566101,1.688975
768644381.5672079,1.666852
768644383.337712,1.705517
768644383.349725,1.715254
768644385.134441,1.721848
768644385.14677,1.7231219999999998
768644386.977218,1.776808
768644386.989421,1.7755850000000002
768644388.824801,1.77138
768644388.836277,1.795842
768644390.591976,1.689154
768644390.5931389,1.7022249999999999
768644392.2731509,1.6158430000000001
768644392.340193,1.6848239999999999
768644394.0830569,1.679661
768644394.096067,1.7586609999999998
768644396.159648,1.999297
768644396.160565,2.013695
768644398.074663,1.847258
768644398.086661,1.860137
768644399.795811,1.6571699999999998
768644399.805113,1.654935
768644401.676397,1.8174409999999999
768644401.677515,1.808088
768644403.534779,1.7982339999999999
768644403.5351051,1.7968229999999998
768644405.341104,1.742703
768644405.37099,1.772608
768644407.094609,1.657415
768644407.107289,1.7067510000000001
768644408.9318099,1.7608929999999998
768644408.9328511,1.7747380000000001
768644410.7132529,1.721607
768644410.729871,1.729804
768644412.5388091,1.745566
768644412.550779,1.780593
768644414.306622,1.7043
768644414.307243,1.679115
768644415.9897621,1.59727
768644416.0268539,1.6549589999999998
768644417.995659,1.913437
768644417.995854,1.899133
768644419.7799339,1.720597
768644419.78012,1.7203410000000001
768644421.620626,1.775229
768644421.63107,1.786841
768644423.44716,1.748036
768644423.4599099,1.772568
768644425.282945,1.759177
768644425.294547,1.783574
768644426.986518,1.6253909999999998
768644426.987425,1.638045
768644428.7711691,1.719825
768644428.7826309,1.731819
768644430.5228289,1.672806
768644430.5353681,1.697303
768644432.28177,1.6956390000000001
768644432.294084,1.695198
768644434.0417969,1.686325
768644434.058488,1.691421
768644435.881644,1.782626
768644435.8926699,1.77059
768644437.866602,1.928081
768644437.878359,1.9287530000000002
768644439.7920309,1.859206
768644439.802507,1.8570550000000001
768644441.660763,1.811501
768644441.673102,1.8130780000000002
768644443.365854,1.638832
768644443.378052,1.637699
768644445.3203859,1.890919
768644445.332765,1.8910699999999998
768644447.076822,1.6905970000000001
768644447.077463,1.677998
768644448.875776,1.734525
768644448.887699,1.746528
768644450.7139469,1.758942
768644450.725474,1.7827419999999998
768644452.637036,1.8596409999999999
768644452.648036,1.8583530000000001
768644454.516187,1.804513
768644454.5279701,1.827796
768644456.38295,1.803169
768644456.3951429,1.803731
768644458.3834339,1.93416
768644458.396073,1.933693
768644460.229653,1.7700820000000002
768644460.241646,1.794665
768644462.068135,1.7602099999999998
768644462.08085,1.7847819999999999
768644463.8231521,1.691554
768644463.823754,1.679096
768644465.740558,1.852795
768644465.7406731,1.854629
768644467.464232,1.655761
768644467.4646131,1.657225
768644469.3989481,1.8706770000000001
768644469.399715,1.871514
768644471.226475,1.761302
768644471.23956,1.7723179999999998
768644473.077586,1.774423
768644473.089168,1.79907
768644474.897459,1.741776
768644474.909868,1.765993
768644476.890772,1.917476
768644476.902158,1.941046
768644479.1664469,2.177782
768644479.167524,2.210714
768644481.521917,2.29077
768644481.533334,2.3034700000000004
768644483.867585,2.267371
768644483.875579,2.2873680000000003
768644486.099478,2.160151
768644486.110373,2.179711
768644487.835967,1.661685
768644487.8365029,1.673913
768644489.62965,1.729969
768644489.630231,1.730305
768644491.229591,1.533636
768644491.230242,1.532825
768644493.049339,1.7556530000000001
768644493.0494341,1.7556990000000001
768644494.663017,1.547264
768644494.6743029,1.558034
768644496.382131,1.655576
768644496.42913,1.691484
768644498.070132,1.577674
768644498.070708,1.6243830000000001
768644499.841211,1.70696
768644499.853154,1.718888
768644501.627416,1.7103979999999999
768644501.62883,1.72425
768644503.385355,1.692276
768644503.385756,1.68953
768644505.058081,1.608406
768644505.0686179,1.619877
768644506.862301,1.744797
768644506.86273,1.73392
768644508.601406,1.681667
768644508.6017311,1.681924
768644510.299599,1.640921
768644510.2998099,1.640551
768644512.162959,1.799701
768644512.1650239,1.801581
768644513.991735,1.766417
768644513.992741,1.770307
768644515.7565241,1.7072159999999998
768644515.7683511,1.717021
768644517.560756,1.739917
768644517.573385,1.741461
768644519.426882,1.78654
768644519.426992,1.798033
768644521.141029,1.6511099999999999
768644521.1522,1.661259
768644522.916849,1.698566
768644522.9176109,1.709892
768644524.726013,1.743852
768644524.727221,1.7471889999999999
768644526.385698,1.594098
768644526.3861641,1.596528
768644528.06652,1.5938510000000001
768644528.095044,1.6455879999999998
768644529.84745,1.662709
768644529.8478711,1.72627
768644531.570212,1.658728
768644531.582581,1.671262
768644533.350874,1.717309
768644533.350935,1.7050509999999999
768644535.025214,1.598935
768644535.026151,1.586359
768644536.726564,1.6368559999999999
768644536.766033,1.677196
768644538.546711,1.711698
768644538.556362,1.777909
768644540.30835,1.709457
768644540.318241,1.709613
768644542.0013059,1.6387960000000001
768644542.0137401,1.640655
768644543.716931,1.652248
768644543.718184,1.6406260000000001
768644545.536108,1.754201
768644545.5477101,1.767842
768644547.274582,1.6603709999999998
768644547.275865,1.673337
768644548.91177,1.57178
768644548.923642,1.585553
768644550.6376691,1.646841
768644550.638285,1.660627
768644552.622171,1.920122
768644552.633312,1.920844
768644554.436692,1.739315
768644554.447742,1.751158
768644556.190872,1.690908
768644556.191914,1.6803180000000002
768644557.896635,1.627066
768644557.896995,1.628913
768644559.6688019,1.697552
768644559.680153,1.708911
768644561.432083,1.6882119999999998
768644561.432138,1.699748
768644563.071877,1.5613380000000001
768644563.072559,1.563589
768644564.88494,1.748833
768644564.897529,1.761528
768644566.708728,1.757819
768644566.709575,1.745154
768644568.552422,1.778999
768644568.5641791,1.7921289999999999
768644570.351267,1.723704
768644570.351432,1.735011
768644572.148558,1.733348
768644572.1526171,1.737958
768644573.9557569,1.7410990000000002
768644573.955832,1.735683
768644575.723413,1.7037879999999999
768644575.724115,1.70461
768644577.528081,1.739854
768644577.5446451,1.7580250000000002
768644579.264896,1.676935
768644579.274876,1.653223
768644581.0504249,1.728427
768644581.0618811,1.729899
768644582.7627469,1.625189
768644582.7635491,1.6360540000000001
768644584.475622,1.648183
768644584.490982,1.664962
768644586.3687761,1.8143250000000002
768644586.3809891,1.8417290000000002
768644588.187361,1.742995
768644588.1889,1.756701
768644589.924346,1.668115
768644589.9367601,1.68314
768644591.736908,1.736273
768644591.737449,1.7498310000000001
768644593.527337,1.725879
768644593.538809,1.7390649999999999
768644595.320037,1.7255440000000002
768644595.3324859,1.727007
768644597.0252889,1.641759
768644597.037001,1.640781
768644598.795421,1.703783
768644598.807615,1.7033420000000001
768644600.540353,1.681431
768644600.567929,1.679838
768644602.777395,2.180065
768644602.78899,2.1457450000000002
768644605.094012,2.2590470000000002
768644605.104886,2.258651
768644607.400722,2.246829
768644607.413502,2.248519
768644609.0752519,1.598297
768644609.0866491,1.6220970000000001
768644610.834043,1.68099
768644610.834945,1.692777
768644612.7192891,1.8199889999999999
768644612.731192,1.8334549999999998
768644614.4929451,1.6951530000000001
768644614.505328,1.7196049999999998
768644616.24715,1.6782240000000002
768644616.2472149,1.691154
768644618.0169619,1.706013
768644618.029541,1.718898
768644619.856731,1.763562
768644619.865917,1.785504
768644621.709741,1.7865909999999998
768644621.7206781,1.8068380000000002
768644623.5062591,1.7371159999999999
768644623.507614,1.726607
768644625.484994,1.921739
768644625.4972631,1.9322219999999999
768644627.337203,1.7859900000000002
768644627.338265,1.774337
768644629.226882,1.813692
768644629.238008,1.826125
768644631.136847,1.838887
768644631.1378701,1.8512039999999998
768644633.093465,1.89142
768644633.1044351,1.904205
768644635.009347,1.837685
768644635.022081,1.861961
768644636.916323,1.830599
768644636.927233,1.854263
768644638.7980901,1.815107
768644638.8094469,1.815444
768644640.77953,1.9181929999999998
768644640.791212,1.918127
768644642.6565061,1.798839
768644642.668509,1.800047
768644644.556526,1.824444
768644644.566875,1.824088
768644646.4282949,1.797917
768644646.429147,1.809274
768644648.264547,1.7710549999999998
768644648.276394,1.785122
768644649.965423,1.6227800000000001
768644649.9665309,1.635444
768644651.7256521,1.696431
768644651.725998,1.6948720000000002
768644653.479898,1.691064
768644653.490698,1.701042
768644655.363956,1.806057
768644655.3644819,1.817959
768644657.273693,1.845203
768644657.296839,1.869817
768644659.1613419,1.805068
768644659.16165,1.8284340000000001
768644660.937348,1.7181799999999998
768644660.942603,1.724059
768644662.801468,1.803984
768644662.8019689,1.78096
768644664.732004,1.87313
768644664.743696,1.8843429999999999
768644666.532349,1.722319
768644666.544245,1.746069
768644668.213312,1.6233440000000001
768644668.224839,1.62322
768644670.1507591,1.862749
768644670.151997,1.8533060000000001
768644671.977152,1.76284
768644671.989491,1.773811
768644673.7070559,1.643938
768644673.7074621,1.6254
768644675.588618,1.814797
768644675.589676,1.818546
768644677.365532,1.710729
768644677.3774891,1.725694
768644679.1344011,1.673232
768644679.146489,1.714578
768644681.052719,1.842637
768644681.0643259,1.866612
768644682.841765,1.710634
768644682.842086,1.723268
768644684.62132,1.7158769999999999
768644684.6214751,1.716312
768644686.46113,1.775299
768644686.4697651,1.785748
768644688.229728,1.6967670000000001
768644688.288009,1.763211
768644690.091935,1.737281
768644690.092391,1.802473
768644691.829667,1.673577
768644691.8421919,1.686332
768644693.779809,1.8740350000000001
768644693.779884,1.886609
768644695.622641,1.775581
768644695.622917,1.7771029999999999
768644697.359912,1.6731319999999998
768644697.360113,1.673853
768644699.272447,1.845714
768644699.283493,1.856253
768644701.039518,1.703648
768644701.0508541,1.703713
768644702.8951089,1.778011
768644702.8956,1.789367
768644704.750204,1.791146
768644704.7629939,1.803981
768644706.7250589,1.9114959999999999
768644706.7255999,1.898873
768644708.582309,1.793266
768644708.593099,1.803766
768644710.420159,1.760214
768644710.432673,1.783774
768644712.234941,1.738419
768644712.245495,1.7623490000000002
768644714.150302,1.8381809999999998
768644714.150968,1.849888
768644716.041586,1.828333
768644716.0584301,1.843844
768644717.801821,1.676484
768644717.8131069,1.704014
768644719.73592,1.858454
768644719.7366021,1.871709
768644721.635965,1.835089
768644721.6360899,1.837098
768644723.3481431,1.64663
768644723.348543,1.645211
768644725.109891,1.697448
768644725.110412,1.699103
768644726.905733,1.728336
768644726.907001,1.7305059999999999
768644728.975483,2.0064480000000002
768644728.987872,2.0170079999999997
768644730.782131,1.739918
768644730.782552,1.727322
768644732.59403,1.747845
768644732.6056271,1.7595530000000001
768644734.495133,1.826063
768644734.497037,1.839714
768644736.3751919,1.814586
768644736.386578,1.828373
768644738.146211,1.6928379999999998
768644738.147208,1.705672
768644739.930311,1.720898
768644739.943076,1.732375
768644741.6299601,1.635815
768644741.630471,1.597466
768644743.352422,1.638086
768644743.363743,1.6665020000000001
768644745.088425,1.67231
768644745.100182,1.672766
768644746.865088,1.6986510000000001
768644746.865213,1.710459
768644748.600642,1.671966
768644748.6009829,1.672805
768644750.5352,1.87747
768644750.5355209,1.87661
768644752.351255,1.7522799999999998
768644752.362491,1.762831
768644754.063607,1.634601
768644754.0796,1.640449
768644755.794325,1.651296
768644755.811077,1.669919
768644757.592486,1.7057769999999999
768644757.593253,1.721752
768644759.481595,1.821311
768644759.49329,1.83465
768644761.529625,1.9910539999999999
768644761.542335,1.991747
768644763.438576,1.8424909999999999
768644763.451376,1.8424909999999999
768644765.446071,1.930887
768644765.4569271,1.955024
768644767.476335,1.952938
768644767.47643,1.9638540000000002
768644769.4917791,1.951424
768644769.502734,1.9622749999999998
768644771.3284961,1.770138
768644771.339356,1.770017
768644773.106482,1.7146139999999999
768644773.117818,1.714979
768644774.765305,1.580812
768644774.76724,1.5945040000000001
768644776.663822,1.8320560000000001
768644776.675138,1.846611
768644778.45356,1.715225
768644778.454106,1.7269919999999999
768644780.4109889,1.893479
768644780.422806,1.905293
768644782.203143,1.713612
768644782.215697,1.73858
768644784.0356259,1.7565320000000002
768644784.038372,1.771852
768644785.847415,1.7401280000000001
768644785.859629,1.7557740000000002
768644787.651006,1.7401680000000002
768644787.671303,1.747924
768644789.4759719,1.768122
768644789.4760841,1.747728
768644791.326375,1.789722
768644791.32733,1.791711
768644793.074837,1.691333
768644793.079373,1.6938280000000001
768644794.917355,1.782229
768644794.918261,1.771566
768644796.8488569,1.870585
768644796.860539,1.885593
768644798.6925269,1.7769599999999999
768644798.7022971,1.775172
768644800.5006009,1.7515560000000001
768644800.503518,1.744006
768644802.271456,1.7139259999999998
768644802.282827,1.715906
768644804.2394141,1.90402
768644804.2506601,1.9043
768644805.9487901,1.642731
768644805.9599711,1.6427559999999999
768644807.681195,1.657705
768644807.682001,1.669929
768644809.527695,1.781745
768644809.53856,1.7928460000000002
768644811.2904301,1.6959849999999999
768644811.3012099,1.695414
768644813.1243811,1.770413
768644813.135903,1.77113
768644814.8747079,1.671779
768644814.875209,1.6843080000000001
768644816.8520559,1.912897
768644816.861794,1.923595
768644818.689699,1.778025
768644818.689954,1.768383
768644820.3319781,1.578699
768644820.332279,1.585475
768644822.067936,1.6780059999999999
768644822.068788,1.679216
768644823.7915,1.660287
768644823.792432,1.65941
768644825.6024281,1.737197
768644825.602673,1.738426
768644827.427919,1.75815
768644827.429232,1.760831
768644829.2119839,1.719069
768644829.222949,1.7320339999999999
768644831.085888,1.807234
768644831.0976051,1.807855
768644832.951092,1.801661
768644832.962559,1.8011240000000002
768644834.759649,1.730521
768644834.7603459,1.74325
768644836.6092819,1.7863600000000002
768644836.610018,1.7856230000000002
768644838.405199,1.7326450000000002
768644838.406146,1.732004
768644840.412624,1.942374
768644840.423725,1.9551439999999998
768644842.279151,1.788686
768644842.29153,1.811925
768644843.973818,1.61849
768644843.973858,1.631635
768644845.823947,1.738489
768644845.824608,1.725679
768644847.767904,1.8779389999999998
768644847.768681,1.877087
768644849.7091659,1.87626
768644849.7207121,1.888824
768644851.530839,1.74341
768644851.5319109,1.756592
768644853.884175,2.287814
768644853.895361,2.301426
768644855.652258,1.68994
768644855.653606,1.702855
768644857.491852,1.774368
768644857.4918721,1.776011
768644859.244353,1.688688
768644859.2445589,1.68939
768644860.9600041,1.651361
768644860.9719269,1.664165
768644862.705639,1.666456
768644862.716986,1.690707
768644864.4750249,1.694266
768644864.476493,1.707722
768644866.495135,1.956657
768644866.5081999,1.9675869999999998
768644868.494055,1.935558
768644868.505717,1.9334930000000001
768644870.427047,1.866382
768644870.439481,1.866623
768644872.221295,1.7310610000000002
768644872.2335039,1.7072509999999999
768644874.117592,1.817047
768644874.128843,1.817232
768644875.8625959,1.6812310000000001
768644875.873286,1.680609
768644877.64625,1.708965
768644877.658353,1.731994
768644879.366952,1.633623
768644879.3786441,1.656283
768644881.177426,1.733783
768644881.188219,1.745901
768644882.756068,1.492766
768644882.781561,1.543579
768644884.5590689,1.745798
768644884.571744,1.733654
768644886.2780169,1.655756
768644886.279035,1.643553
768644887.965573,1.6220869999999998
768644887.976498,1.634928
768644889.8401281,1.773077
768644889.8427019,1.761125
768644891.6236371,1.723654
768644891.626734,1.722961
768644893.402284,1.7039279999999999
768644893.445312,1.742935
768644895.0493051,1.544405
768644895.062381,1.601018
768644896.8723739,1.74633
768644896.882602,1.769634
768644898.6653119,1.722447
768644898.677626,1.746
768644900.373335,1.644726
768644900.3863859,1.6447
768644902.00044,1.564168
768644902.012874,1.5632059999999999
768644903.7705181,1.7068050000000001
768644903.7835679,1.707412
768644905.434914,1.600688
768644905.447428,1.600287
768644907.2018939,1.700846
768644907.202506,1.688271
768644908.889725,1.623298
768644908.9303839,1.6658860000000002
768644910.618247,1.67456
768644910.656685,1.6720769999999998
768644912.45482,1.7848689999999998
768644912.464358,1.737631
768644914.1980339,1.67896
768644914.250991,1.74237
768644915.808072,1.5040850000000001
768644915.819288,1.5690840000000001
768644917.558714,1.6760080000000002
768644917.571334,1.699503
768644919.240667,1.607607
768644919.240967,1.5977459999999999
768644920.92748,1.623185
768644920.9384509,1.633038
768644922.637758,1.632703
768644922.6384599,1.64422
768644924.3763319,1.674981
768644924.419132,1.716618
768644926.186884,1.746839
768644926.1994431,1.716979
768644928.027581,1.764469
768644928.04249,1.792264
768644929.816582,1.7214120000000002
768644929.83301,1.722637
768644931.541925,1.645627
768644931.5537131,1.679942
768644933.2397541,1.6226960000000001
768644933.244135,1.638867
768644934.9887941,1.667279
768644934.990173,1.6904190000000001
768644936.804095,1.758521
768644936.807789,1.760189
768644938.551355,1.687189
768644938.563809,1.689324
768644940.301616,1.663511
768644940.3133429,1.686743
768644941.9567,1.579674
768644941.957542,1.592368
768644943.756332,1.7360330000000002
768644943.768861,1.7475500000000002
768644945.44508,1.6256009999999999
768644945.445636,1.613167
768644947.213919,1.702335
768644947.214285,1.7011470000000002
768644948.992767,1.696782
768644949.003477,1.7251020000000001
768644950.703581,1.633645
768644950.7160901,1.657014
768644952.558631,1.791662
768644952.5589819,1.7792439999999998
768644954.326388,1.694938
768644954.3369781,1.704817
768644956.106569,1.706113
768644956.136072,1.746413
768644957.8402469,1.657478
768644957.8406681,1.644107
768644959.645798,1.7418209999999998
768644959.656643,1.752168
768644961.3431901,1.640486
768644961.355338,1.641389
768644963.134918,1.7259300000000002
768644963.147583,1.725119
768644964.9334171,1.735342
768644964.9455711,1.734204
768644966.671085,1.6739739999999999
768644966.683042,1.673723
768644968.467118,1.732349
768644968.478685,1.7321389999999999
768644970.216417,1.671207
768644970.227538,1.693684
768644971.977152,1.6860519999999999
768644971.977919,1.698345
768644973.67443,1.60049
768644973.686684,1.612956
768644975.433928,1.692718
768644975.434665,1.6840119999999998
768644977.542584,2.031831
768644977.54311,2.031118
768644979.847067,2.227488
768644979.8486819,2.227399
768644982.162092,2.234175
768644982.1621519,2.257868
768644984.419706,2.170076
768644984.424416,2.198841
768644986.094205,1.614449
768644986.095372,1.591935
768644987.812076,1.643714
768644987.8125969,1.642391
768644989.559415,1.68312
768644989.55956,1.6837060000000001
768644991.1224,1.495553
768644991.122996,1.496911
768644992.922593,1.735757
768644992.933343,1.747389
768644994.621234,1.6210650000000002
768644994.633201,1.644034
768644996.433108,1.736379
768644996.4444001,1.759828
768644998.186256,1.675337
768644998.199713,1.699673
768644999.987384,1.737895
768644999.999681,1.736462
768645001.914604,1.8343280000000002
768645001.933403,1.864908
768645003.5972029,1.597571
768645003.59826,1.619782
768645005.351887,1.68971
768645005.3784211,1.718111
768645007.011454,1.567295
768645007.012557,1.6014849999999998
768645008.770792,1.693976
768645008.7818171,1.707341
768645010.5660131,1.717541
768645010.578552,1.741371
768645012.297169,1.6669770000000002
768645012.29756,1.655886
768645014.0105801,1.649095
768645014.023029,1.661856
768645015.794585,1.707687
768645015.8059111,1.73221
768645017.592026,1.734324
768645017.6026909,1.7329610000000002
768645019.2597181,1.601189
768645019.260335,1.590778
768645020.991388,1.674473
768645021.002929,1.6854369999999999
768645022.671631,1.5905719999999999
768645022.672318,1.601774
768645024.7081649,1.959901
768645024.7232649,1.974304
768645026.462009,1.694096
768645026.462786,1.672636
768645028.229936,1.704249
768645028.242245,1.716653
768645029.967072,1.673648
768645029.967959,1.662156
768645031.78679,1.75612
768645031.7875819,1.755203
768645033.613314,1.7632970000000001
768645033.6138049,1.762074
768645035.450598,1.769767
768645035.45169,1.7710549999999998
768645037.234928,1.7190429999999999
768645037.246215,1.7324389999999998
768645039.04135,1.728245
768645039.0416809,1.739787
768645040.848023,1.7430150000000002
768645040.8593141,1.754481
768645042.7159231,1.789728
768645042.728793,1.8134379999999999
768645044.529271,1.7498749999999998
768645044.541836,1.749304
768645046.322718,1.729994
768645046.335478,1.7297339999999999
768645048.129546,1.742839
768645048.129892,1.730691
768645050.178403,1.9810930000000002
768645050.191478,1.995357
768645051.957441,1.7157209999999998
768645051.957932,1.7028709999999998
768645053.750407,1.702805
768645053.761713,1.715486
768645055.470928,1.654538
768645055.4817691,1.652979
768645057.356009,1.810718
768645057.356054,1.822009
768645059.191484,1.768279
768645059.20276,1.7794340000000002
768645060.971334,1.704475
768645060.98431,1.729157
768645062.686334,1.6489250000000002
768645062.687,1.635875
768645064.421625,1.671573
768645064.432736,1.682724
768645066.2378349,1.738107
768645066.238692,1.750708
768645068.0571071,1.7550569999999999
768645068.060264,1.758952
768645069.819596,1.6914639999999999
768645069.8205941,1.696395
768645071.687403,1.802841
768645071.701258,1.8183330000000002
768645073.455965,1.698003
768645073.469462,1.725206
768645075.362993,1.826185
768645075.3638511,1.817766
768645077.183128,1.761959
768645077.193208,1.773101
768645078.9824259,1.729791
768645078.983383,1.740068
768645080.790071,1.7429299999999999
768645080.801046,1.73699
768645082.600826,1.722829
768645082.600986,1.732992
768645084.356301,1.697221
768645084.378894,1.7202009999999999
768645086.045455,1.602868
768645086.045751,1.626227
768645087.8174571,1.70894
768645087.8176119,1.7084439999999999
768645089.803357,1.921891
768645089.8155559,1.934767
768645091.583138,1.7132910000000001
768645091.595607,1.713562
768645093.4447479,1.798123
768645093.445831,1.763723
768645095.1160511,1.5807309999999999
768645095.1246309,1.6109259999999999
768645096.972277,1.7836729999999998
768645096.9728501,1.794096
768645098.742892,1.709973
768645098.743484,1.711368
768645100.552376,1.733049
768645100.602568,1.7837040000000002
768645102.97049,2.3385900000000004
768645103.026284,2.3480480000000004
768645105.288757,2.26057
768645105.289323,2.2061889999999997
768645107.3106459,1.956231
768645107.323396,1.966925
768645109.089133,1.714999
768645109.100675,1.7141929999999999
768645110.860864,1.705387
768645110.8733981,1.705883
768645112.620317,1.683185
768645112.6321989,1.707907
768645114.3527759,1.6573799999999999
768645114.3647491,1.681045
768645116.157169,1.728787
768645116.158963,1.742619
768645117.859363,1.635173
768645117.87087,1.645017
768645119.8247199,1.890032
768645119.837119,1.914504
768645121.8296851,1.94112
768645121.841377,1.94082
768645123.685737,1.789237
768645123.698332,1.7901390000000001
768645125.573384,1.811429
768645125.5847449,1.835265
768645127.436488,1.796264
768645127.448105,1.79678
768645129.3225111,1.822229
768645129.3458201,1.8342720000000001
768645131.2447361,1.83233
768645131.255653,1.867585
768645133.0757769,1.7632539999999999
768645133.101079,1.799503
768645134.9477199,1.785527
768645134.960409,1.809362
768645136.6778871,1.660377
768645136.682031,1.677106
768645138.4696339,1.730573
768645138.470185,1.735482
768645140.4109911,1.877598
768645140.4208261,1.887338
768645142.1998061,1.728681
768645142.1998961,1.718733
768645144.092599,1.828689
768645144.097396,1.8347680000000002
768645145.857605,1.693128
768645145.8682549,1.708609
768645147.732301,1.800524
768645147.7440679,1.823121
768645149.748406,1.952793
768645149.752391,1.944769
768645151.7139441,1.894528
768645151.7146809,1.899323
768645153.6340259,1.85746
768645153.634462,1.855947
768645155.477785,1.77767
768645155.478622,1.776863
768645157.499458,1.930502
768645157.500044,1.9460320000000002
768645159.2466719,1.667832
768645159.246727,1.668295
768645161.149028,1.825278
768645161.1817651,1.857382
768645163.247973,2.039398
768645163.248301,2.007131
768645165.097458,1.791595
768645165.107622,1.802857
768645167.010594,1.843004
768645167.023128,1.866389
768645168.732669,1.658919
768645168.744772,1.658067
768645170.4796929,1.66784
768645170.479984,1.681006
768645172.3124319,1.768655
768645172.3125119,1.768594
768645174.156382,1.780287
768645174.167959,1.7929510000000002
768645175.9594619,1.739757
768645175.97178,1.740213
768645177.8424419,1.791833
768645177.854555,1.793537
768645179.7895509,1.868025
768645179.7895559,1.881056
768645181.620751,1.7680230000000001
768645181.620831,1.76698
768645183.561391,1.8742649999999998
768645183.561666,1.873699
768645185.4194429,1.795116
768645185.419724,1.794369
768645187.268585,1.781048
768645187.2689849,1.78203
768645189.246626,1.914053
768645189.258268,1.927008
768645190.955461,1.645828
768645190.9685919,1.646715
768645192.794639,1.76248
768645192.80573,1.786561
768645194.6406889,1.768208
768645194.652331,1.790997
768645196.482137,1.7778710000000002
768645196.482247,1.766614
768645198.324127,1.776458
768645198.324934,1.77955
768645200.108528,1.7203419999999998
768645200.111565,1.723229
768645202.0150881,1.836452
768645202.015599,1.8405209999999999
768645203.767309,1.688412
768645203.778911,1.698927
768645205.547299,1.7166830000000002
768645205.54765,1.705036
768645207.281754,1.667192
768645207.2818741,1.66796
768645209.258928,1.914053
768645209.2715479,1.92571
768645211.129485,1.791557
768645211.1299859,1.780948
768645212.900599,1.707186
768645212.912868,1.695765
768645214.6413591,1.661489
768645214.641704,1.674645
768645216.509306,1.804301
768645216.537963,1.832899
768645218.186201,1.590737
768645218.187312,1.6208850000000001
768645219.967322,1.723963
768645219.97917,1.73408
768645221.676137,1.6104669999999999
768645221.687804,1.607175
768645223.447188,1.7113479999999999
768645223.474711,1.726675
768645225.191568,1.68768
768645225.192607,1.6441279999999998
768645227.51702,2.265812
768645227.517421,2.257608
768645229.850154,2.2691339999999998
768645229.86142,2.279604
768645231.901121,1.9839499999999999
768645231.912612,1.984547
768645233.664804,1.688833
768645233.676786,1.7120620000000002
768645235.352835,1.624749
768645235.364793,1.623882
768645237.1511539,1.722562
768645237.161944,1.7453049999999999
768645238.8918229,1.6637089999999999
768645238.89281,1.666445
768645240.6007379,1.64487
768645240.6009129,1.6449559999999999
768645242.283807,1.6189
768645242.283988,1.619512
768645244.035352,1.6879009999999999
768645244.037907,1.689585
768645246.0475631,1.940855
768645246.059671,1.95577
768645247.7345871,1.623375
768645247.735073,1.601167
768645249.5181099,1.719665
768645249.530384,1.732099
768645251.278891,1.681506
768645251.2793369,1.694602
768645253.072343,1.7305860000000002
768645253.094522,1.751439
768645254.7959061,1.641942
768645254.812716,1.67452
768645256.7318009,1.855696
768645256.7443379,1.8918679999999999
768645258.567726,1.763178
768645258.568548,1.769952
768645260.368189,1.725559
768645260.37691,1.745034
768645262.149703,1.718427
768645262.150365,1.716466
768645263.8970231,1.683099
768645263.897464,1.683616
768645265.74019,1.769759
768645265.751963,1.7840200000000002
768645267.5298129,1.711321
768645267.550617,1.7438
768645269.350579,1.757568
768645269.350759,1.7433189999999998
768645271.146922,1.729538
768645271.158399,1.7401980000000001
768645272.9410859,1.73078
768645272.9528279,1.730971
768645274.748575,1.7208359999999998
768645274.750595,1.742904
768645276.487169,1.671748
768645276.487625,1.675607
768645278.4013621,1.8508
768645278.412849,1.8619210000000002
768645280.199385,1.7228219999999999
768645280.211378,1.746713
768645281.948368,1.682469
768645281.948684,1.670285
768645283.856823,1.8451419999999998
768645283.868831,1.835921
768645285.709638,1.789199
768645285.7262911,1.7939180000000001
768645287.527627,1.758578
768645287.5279169,1.735562
768645289.393643,1.802911
768645289.397992,1.806547
768645291.126004,1.671992
768645291.142325,1.677953
768645292.772577,1.5894629999999998
768645292.8096479,1.6032240000000002
768645294.526622,1.6501739999999998
768645294.538931,1.70014
768645296.297938,1.694913
768645296.3104321,1.720077
768645298.0170621,1.644212
768645298.032388,1.6502430000000001
768645299.837417,1.756772
768645299.852452,1.756577
768645301.610662,1.710137
768645301.621657,1.705703
768645303.395744,1.718683
768645303.3959041,1.707802
768645305.07286,1.613613
768645305.084432,1.624708
768645306.87218,1.721163
768645306.883652,1.744588
768645308.559695,1.624192
768645308.5598761,1.613132
768645310.263939,1.640926
768645310.275321,1.651597
768645312.0463051,1.7072260000000001
768645312.0509311,1.723724
768645313.791235,1.664595
768645313.808033,1.689254
768645315.4993371,1.627711
768645315.499914,1.651346
768645317.338102,1.775052
768645317.342024,1.778677
768645318.973453,1.575316
768645318.973629,1.564724
768645320.759493,1.7232779999999999
768645320.770754,1.7329960000000002
768645322.5112871,1.673577
768645322.5236311,1.673893
768645324.3128481,1.725388
768645324.3240191,1.725905
768645326.070036,1.6828539999999998
768645326.0819831,1.705697
768645327.778354,1.633184
768645327.790197,1.656759
768645329.62512,1.770955
768645329.625536,1.7839850000000002
768645331.392536,1.70018
768645331.392586,1.699673
768645333.092159,1.6362349999999999
768645333.1039771,1.647392
768645334.904786,1.7460769999999999
768645334.915822,1.7455
768645336.8987211,1.919142
768645336.90305,1.9241869999999999
768645338.712915,1.7533320000000001
768645338.713416,1.743741
768645340.515242,1.738023
768645340.515297,1.739331
768645342.195079,1.602996
768645342.1951901,1.616374
768645344.1172761,1.859325
768645344.119692,1.860452
768645345.993711,1.8063770000000001
768645346.005007,1.821011
768645347.803025,1.745946
768645347.815188,1.7468329999999999
768645349.450181,1.583553
768645349.462194,1.5833279999999998
768645351.198167,1.681882
768645351.224904,1.696361
768645353.830853,2.569224
768645353.831861,2.541458
768645356.160198,2.261427
768645356.1605439,2.261317
768645358.4650611,2.241496
768645358.465126,2.240974
768645360.249251,1.720748
768645360.261004,1.731818
768645361.9724699,1.644556
768645361.9727861,1.657225
768645363.761261,1.724812
768645363.762038,1.707743
768645365.486214,1.661429
768645365.498196,1.6720540000000002
768645367.076698,1.5245499999999998
768645367.07767,1.512463
768645368.910659,1.769697
768645368.922662,1.7820449999999999
768645370.798536,1.8095940000000001
768645370.798761,1.822104
768645372.610891,1.748943
768645372.611393,1.748818
768645374.362912,1.687745
768645374.3632369,1.689244
768645376.1489761,1.721925
768645376.151993,1.725103
768645377.862321,1.647238
768645377.87892,1.659645
768645381.041066,3.0857390000000002
768645381.051406,3.1322170000000003
768645382.739908,1.628827
768645382.751419,1.651007
768645384.52963,1.7328459999999999
768645384.5303481,1.721796
768645386.1793259,1.592282
768645386.19173,1.604592
768645387.814314,1.5589810000000002
768645387.814429,1.5721209999999999
768645389.5112259,1.6332740000000001
768645389.524557,1.6471660000000001
768645391.272548,1.682202
768645391.2729241,1.681316
768645392.998102,1.661133
768645393.01016,1.674284
768645394.7328069,1.667879
768645394.733253,1.656267
768645396.330177,1.533472
768645396.341829,1.544347
768645398.232798,1.836397
768645398.243994,1.836056
768645399.948755,1.652269
768645399.953747,1.6455879999999998
768645401.586094,1.540449
768645401.6168599,1.575464
768645403.4662429,1.826447
768645403.472707,1.7897830000000001
768645405.446564,1.91064
768645405.446945,1.9286329999999998
768645407.139973,1.627847
768645407.140253,1.6260720000000002
768645409.009521,1.805842
768645409.028997,1.826158
768645410.7026,1.638881
768645410.716833,1.621321
768645412.251619,1.471347
768645412.270226,1.515628
768645413.801432,1.495538
768645413.813224,1.476574
768645415.5773131,1.702617
768645415.5837979,1.7072610000000001
768645417.1743269,1.526831
768645417.186901,1.55764
768645418.961073,1.720763
768645418.961148,1.707336
768645420.74243,1.718342
768645420.752786,1.727549
768645422.4779539,1.658678
768645422.4897009,1.692806
768645424.2414111,1.70007
768645424.242142,1.679115
768645426.0033691,1.698726
768645426.00377,1.697879
768645427.672697,1.604788
768645427.6844189,1.617652
768645429.4953719,1.7473
768645429.503576,1.767647
768645431.2802031,1.716288
768645431.2805691,1.718708
768645433.1386219,1.7841479999999998
768645433.149928,1.805009
768645435.012822,1.796795
768645435.0150241,1.817245
768645436.857233,1.758321
768645436.869141,1.796964
768645438.78822,1.821289
768645438.801065,1.877829
768645440.584784,1.733397
768645440.597281,1.722119
768645442.390725,1.742619
768645442.403018,1.748205
768645444.1430659,1.6761840000000001
768645444.157705,1.703673
768645445.79565,1.586673
768645445.811737,1.587918
768645447.4000901,1.547243
768645447.427565,1.5527609999999998
768645449.2047291,1.747795
768645449.2171531,1.7258550000000001
768645450.909113,1.637348
768645450.919959,1.624703
768645452.608431,1.6358849999999998
768645452.608802,1.625596
768645454.268628,1.5970739999999999
768645454.280666,1.607844
768645456.0796399,1.735527
768645456.08392,1.7517850000000001
768645457.827631,1.671096
768645457.827822,1.6696630000000001
768645459.5490301,1.657144
768645459.5494909,1.658422
768645461.372808,1.759302
768645461.383924,1.7711999999999999
768645463.180839,1.7303
768645463.2008549,1.749334
768645464.952036,1.694364
768645464.9798491,1.7355129999999999
768645466.7171,1.706035
768645466.728667,1.682433
768645468.556118,1.763983
768645468.571099,1.790542
768645470.288041,1.668531
768645470.300781,1.672366
768645471.988171,1.637033
768645471.988737,1.613609
768645473.7453531,1.661063
768645473.757912,1.676204
768645475.5288271,1.719946
768645475.541386,1.716904
768645477.662581,2.056911
768645477.674439,2.082094
768645479.713372,1.9844020000000002
768645479.7245331,1.98371
768645481.4775261,1.678341
768645481.4781721,1.701342
768645483.1495401,1.6071119999999999
768645483.160761,1.601795
768645484.950203,1.737141
768645484.963053,1.738439
768645486.718306,1.6881419999999998
768645486.729693,1.712929
768645488.384892,1.591847
768645488.3958479,1.614185
768645490.050216,1.601881
768645490.0620329,1.602427
768645491.843833,1.717595
768645491.843913,1.73021
768645493.672046,1.764675
768645493.683132,1.7752539999999999
768645495.5363181,1.78641
768645495.536804,1.7975510000000001
768645497.323264,1.722276
768645497.334921,1.735737
768645499.046854,1.657085
768645499.058917,1.657225
768645500.911682,1.801736
768645500.9212121,1.798921
768645502.5648999,1.593603
768645502.567246,1.586106
768645504.197214,1.575927
768645504.237588,1.612912
768645506.037299,1.7426139999999999
768645506.0377359,1.789988
768645507.793103,1.697987
768645507.79378,1.698911
768645509.573635,1.71756
768645509.586255,1.728184
768645516.534065,6.893324
768645516.545868,6.892386999999999
768645523.450954,6.838305999999999
768645523.462757,6.861911
768645525.380308,1.851197
768645525.380393,1.862673
768645527.16949,1.72166
768645527.180626,1.7339790000000002
768645529.213004,1.980618
768645529.224591,1.980533
768645531.208441,1.916944
768645531.22087,1.941316
768645533.036444,1.75215
768645533.0487119,1.777009
768645534.923097,1.810927
768645534.935296,1.8357759999999999
768645536.859973,1.873593
768645536.872322,1.873313
768645538.749213,1.82289
768645538.76094,1.821858
768645540.531629,1.706855
768645540.543131,1.73044
768645542.1835669,1.574196
768645542.1838421,1.585838
768645543.983744,1.736524
768645543.9955361,1.74746
768645545.9612399,1.884755
768645545.972762,1.881693
768645547.649673,1.612621
768645547.649948,1.6217670000000002
768645549.502929,1.7890869999999999
768645549.515177,1.8013000000000001
768645551.3443321,1.7751240000000001
768645551.355428,1.772899
768645553.1765641,1.768348
768645553.188332,1.7693450000000002
768645554.972936,1.730027
768645554.983352,1.728384
768645556.808252,1.768332
768645556.84322,1.812778
768645558.6891531,1.7863149999999999
768645558.689258,1.800603
768645560.462581,1.698532
768645560.462613,1.677711
768645562.293226,1.773197
768645562.305831,1.786923
768645564.0983601,1.7197689999999999
768645564.100658,1.733614
768645565.822501,1.660609
768645565.822756,1.6639249999999999
768645567.549067,1.663349
768645567.549207,1.662507
768645569.307031,1.694527
768645569.3180209,1.705286
768645571.2003499,1.816065
768645571.2128991,1.839178
768645573.033134,1.75644
768645573.044265,1.7803859999999998
768645574.840689,1.729673
768645574.841175,1.741732
768645576.634873,1.730286
768645576.635414,1.730812
768645578.422506,1.72386
768645578.423053,1.706469
768645580.108037,1.6215220000000001
768645580.118263,1.63201
768645581.915817,1.740859
768645581.928086,1.749562
768645583.711539,1.708797
768645583.723322,1.744022
768645585.473909,1.686533
768645585.474014,1.699262
768645587.193459,1.652117
768645587.194371,1.653952
768645588.992258,1.73436
768645589.00408,1.745996
768645590.8085829,1.7498049999999998
768645590.821172,1.738913
768645592.853225,1.9684099999999998
768645592.865102,1.9928659999999998
768645594.74253,1.82247
768645594.763234,1.831702
768645596.578791,1.758214
768645596.590509,1.784445
768645598.596556,1.9516850000000001
768645598.597262,1.939883
768645600.4223781,1.751022
768645600.426678,1.765347
768645602.708557,2.2260240000000002
768645602.708712,2.215079
768645604.7527779,1.9806979999999998
768645604.7647411,1.991939
768645606.578179,1.747074
768645606.590859,1.771946
768645608.282313,1.6279370000000002
768645608.2823681,1.640676
768645609.965067,1.619462
768645609.9650971,1.619086
768645611.656692,1.628437
768645611.656752,1.627761
768645613.5672159,1.847668
768645613.567421,1.84645
768645615.337343,1.702475
768645615.337619,1.7034820000000002
768645617.0858461,1.683641
768645617.097408,1.696376
768645618.9544871,1.7902090000000002
768645618.954568,1.7998109999999998
768645620.8179669,1.799826
768645620.8298349,1.810848
768645622.780463,1.8838080000000001
768645622.780909,1.896828
768645624.650714,1.8060260000000001
768645624.650999,1.805635
768645626.615123,1.900952
768645626.62651,1.911667
768645628.580877,1.9024050000000001
768645628.592158,1.90177
768645630.5318401,1.8846640000000001
768645630.532171,1.8733680000000001
768645632.413277,1.818465
768645632.424999,1.8288689999999999
768645634.155745,1.6761739999999998
768645634.1677381,1.676304
768645635.884356,1.653221
768645635.885082,1.665809
768645637.8673389,1.917882
768645637.867379,1.919591
768645639.638394,1.703993
768645639.650226,1.715245
768645641.4134979,1.711782
768645641.424318,1.710699
768645643.297286,1.805947
768645643.309594,1.829767
768645645.108284,1.747716
768645645.119395,1.745891
768645646.854906,1.668676
768645646.855257,1.680153
768645648.6651521,1.746648
768645648.665498,1.745786
768645650.4739499,1.745485
768645650.485993,1.756496
768645652.3903431,1.8532959999999998
768645652.402216,1.852389
768645654.377972,1.9207429999999999
768645654.378248,1.9093859999999998
768645656.1464909,1.70451
768645656.150149,1.709361
768645658.019202,1.8024479999999998
768645658.019683,1.8066270000000002
768645659.772841,1.6894150000000001
768645659.773102,1.690542
768645661.754607,1.917791
768645661.754662,1.9178419999999998
768645663.591009,1.769882
768645663.603157,1.7819450000000001
768645665.342177,1.687716
768645665.373169,1.70659
768645667.1467091,1.7386540000000001
768645667.158517,1.719174
768645668.941725,1.731443
768645668.9539429,1.732039
768645670.557633,1.5374670000000001
768645670.569275,1.537606
768645672.561239,1.904771
768645672.5724,1.939046
768645674.2442139,1.581844
768645674.256167,1.628092
768645675.903794,1.5960919999999998
768645675.904055,1.5845550000000002
768645677.704107,1.724719
768645677.704478,1.725655
768645679.50675,1.735327
768645679.519104,1.7479209999999998
768645681.2690489,1.686448
768645681.280516,1.710364
768645683.114262,1.767407
768645683.12632,1.7900539999999998
768645684.810513,1.632853
768645684.822716,1.633043
768645686.500845,1.624378
768645686.50087,1.6113819999999999
768645688.1760731,1.611477
768645688.191913,1.6262830000000001
768645689.968413,1.701972
768645689.968594,1.7352839999999998
768645691.784036,1.7581369999999998
768645691.788404,1.762658
768645693.4630841,1.599696
768645693.46331,1.6224919999999998
768645695.3930739,1.833804
768645695.4051521,1.862003
768645697.175144,1.7182169999999999
768645697.186801,1.718507
768645699.034393,1.79356
768645699.062777,1.809461
768645700.869578,1.778171
768645700.8817519,1.761876
768645702.737864,1.7897530000000001
768645702.74898,1.812446
768645704.599635,1.798709
768645704.611929,1.799256
768645706.463225,1.784616
768645706.472301,1.806076
768645708.153898,1.618514
768645708.1592001,1.6333140000000002
768645709.9312819,1.717279
768645709.942413,1.7163169999999999
768645711.7781429,1.772332
768645711.790482,1.7956020000000001
768645713.652354,1.810692
768645713.652629,1.798494
768645715.421058,1.7014479999999998
768645715.421765,1.70238
768645717.175605,1.690382
768645717.1756351,1.691188
768645718.908836,1.6663459999999999
768645718.908916,1.666702
768645720.701436,1.728737
768645720.713599,1.741511
768645722.57973,1.81186
768645722.591593,1.8110929999999998
768645724.3990871,1.7438760000000002
768645724.4106641,1.767196
768645726.0968361,1.6312989999999998
768645726.108549,1.6314140000000001
768645728.7035719,2.543048
768645728.715199,2.543218
768645731.007809,2.237786
768645731.0086861,2.2271970000000003
768645733.352219,2.2812319999999997
768645733.364001,2.2913970000000004
768645735.453723,2.0134939999999997
768645735.466212,2.036721
768645737.262681,1.733127
768645737.2885071,1.771325
768645738.967867,1.629127
768645738.980075,1.6314000000000002
768645740.653879,1.610165
768645740.6547359,1.62337
768645742.23903,1.521784
768645742.2390801,1.5197640000000001
768645744.159137,1.857331
768645744.1610011,1.858223
768645746.018748,1.7907559999999998
768645746.018908,1.7935670000000001
768645747.8461839,1.762856
768645747.8584621,1.7764820000000001
768645750.040475,2.130928
768645750.04054,2.118144
768645751.918955,1.810923
768645751.91903,1.812487
768645753.802953,1.8200079999999998
768645753.8154219,1.833204
768645755.532025,1.649967
768645755.543206,1.674099
768645757.440304,1.83369
768645757.4518709,1.856168
768645759.335949,1.816956
768645759.348623,1.84223
768645761.366503,1.967186
768645761.37809,1.9661140000000001
768645763.227752,1.7947
768645763.23951,1.795341
768645765.112416,1.820991
768645765.124409,1.8212460000000001
768645766.974042,1.7828469999999998
768645766.985759,1.806848
768645768.915158,1.8775529999999998
768645768.9271209,1.877888
768645770.9255049,1.931178
768645770.9376531,1.956582
768645772.7827051,1.7936370000000001
768645772.794432,1.793467
768645774.713361,1.8524340000000001
768645774.716418,1.86776
768645776.551121,1.774463
768645776.5516069,1.770734
768645778.378377,1.763277
768645778.379018,1.763747
768645780.3476429,1.904671
768645780.359656,1.918248
768645782.243721,1.818077
768645782.244266,1.8304090000000002
768645784.115809,1.814875
768645784.119056,1.816843
768645785.976768,1.800446
768645785.9776399,1.7973649999999999
768645787.803618,1.762265
768645787.814319,1.773641
768645789.612586,1.7412180000000002
768645789.613118,1.714214
768645791.4339479,1.7301090000000001
768645791.4342641,1.755088
768645793.216695,1.7181570000000002
768645793.2275901,1.729157
768645794.9395419,1.645337
768645794.940184,1.657215
768645796.752961,1.748808
768645796.764583,1.762083
768645798.581334,1.7502769999999999
768645798.581489,1.76247
768645800.361835,1.7161570000000002
768645800.361976,1.717195
768645802.02544,1.599666
768645802.0260459,1.600582
768645803.855006,1.766314
768645803.8553121,1.764975
768645805.849366,1.930526
768645805.849656,1.9310219999999998
768645807.667249,1.750532
768645807.667881,1.752372
768645809.407637,1.676153
768645809.419811,1.6886029999999999
768645811.376418,1.902009
768645811.3768079,1.890102
768645813.3139299,1.873714
768645813.325482,1.884579
768645815.0806601,1.7001950000000001
768645815.081146,1.689084
768645816.898945,1.754086
768645816.911023,1.765788
768645818.7618589,1.7709970000000002
768645818.762488,1.797173
768645820.513282,1.6944009999999998
768645820.5178831,1.697667
768645822.176576,1.594804
768645822.188178,1.6119839999999999
768645823.969134,1.717991
768645823.9694101,1.7298179999999999
768645825.740994,1.655601
768645825.745929,1.6706869999999998
768645827.745536,1.922249
768645827.745917,1.945183
768645829.610619,1.8017809999999999
768645829.621911,1.812621
768645831.475392,1.786866
768645831.4762739,1.798919
768645833.293136,1.752736
768645833.3045969,1.76285
768645835.1461711,1.786841
768645835.157884,1.786405
768645836.8236281,1.602066
768645836.8353,1.625436
768645838.5355,1.6453710000000001
768645838.547287,1.645141
768645840.326501,1.7274180000000001
768645840.326807,1.7157959999999999
768645842.116344,1.725955
768645842.128167,1.737918
768645843.960364,1.780302
768645843.960639,1.769516
768645845.744699,1.69629
768645845.7450199,1.692853
768645847.57619,1.7650910000000002
768645847.576916,1.76497
768645849.520563,1.8812609999999999
768645849.532446,1.891967
768645851.369334,1.770354
768645851.369575,1.7826879999999998
768645854.075908,2.643046
768645854.0765901,2.6430960000000003
768645856.363075,2.224045
768645856.3745921,2.234394
768645858.198159,1.757283
768645858.210753,1.7809220000000001
768645859.96314,1.7018879999999998
768645859.9634299,1.689169
768645861.644004,1.59278
768645861.64413,1.5907740000000001
768645863.397388,1.686232
768645863.397508,1.686899
768645865.14801,1.686338
768645865.159537,1.6990219999999998
768645866.769401,1.543425
768645866.781324,1.5669790000000001
768645868.747256,1.902239
768645868.7573119,1.9243839999999999
768645870.669162,1.852147
768645870.685662,1.878206
768645872.567076,1.840617
768645872.567305,1.806608
768645874.311701,1.687387
768645874.311862,1.6877719999999998
768645876.168648,1.7816130000000001
768645876.170151,1.782631
768645877.869214,1.638654
768645877.8709041,1.642136
768645879.632299,1.706428
768645879.632872,1.705071
768645881.4750539,1.784964
768645881.487157,1.797208
768645883.2809601,1.7266869999999999
768645883.292341,1.750346
768645884.992611,1.648364
768645885.004594,1.64865
768645886.903326,1.84422
768645886.903396,1.832523
768645888.741186,1.7746229999999998
768645888.752633,1.785919
768645890.4861699,1.666757
768645890.4865459,1.67871
768645892.2729169,1.722045
768645892.273297,1.722842
768645894.305149,1.9673719999999997
768645894.31629,1.9804570000000001
768645896.116884,1.7368999999999999
768645896.119104,1.750753
768645897.936401,1.752907
768645897.936817,1.749985
768645899.793376,1.773676
768645899.801194,1.80139
768645901.664539,1.807791
768645901.6771331,1.811664
768645903.4187089,1.687575
768645903.418849,1.651556
768645905.249102,1.767331
768645905.249298,1.742543
768645907.034175,1.717976
768645907.0455259,1.73029
768645908.911036,1.813208
768645908.9228389,1.813569
768645910.6605561,1.6708969999999999
768645910.663452,1.686312
768645912.440708,1.716417
768645912.468392,1.740933
768645914.120179,1.622086
768645914.130848,1.605271
768645915.95868,1.781434
768645915.958715,1.770515
768645918.061374,2.006894
768645918.073061,2.0131490000000003
768645919.9417859,1.808349
768645919.941816,1.820239
768645921.831446,1.803671
768645921.831971,1.802561
768645923.735865,1.8449090000000001
768645923.747432,1.854856
768645925.5840759,1.790904
768645925.595373,1.7904170000000001
768645927.353783,1.703322
768645927.3653,1.702766
768645929.0124359,1.583493
768645929.0239431,1.606717
768645930.839631,1.760239
768645930.851424,1.7608249999999999
768645932.5485059,1.634011
768645932.5490669,1.645723
768645934.2321371,1.619512
768645934.2322071,1.619111
768645935.9998139,1.703588
768645936.024692,1.704675
768645937.79503,1.698551
768645937.795696,1.693885
768645939.746104,1.886483
768645939.758763,1.9005459999999998
768645941.643388,1.820535
768645941.6435181,1.8342619999999998
768645943.447856,1.736449
768645943.460305,1.750121
768645945.1482561,1.624263
768645945.160394,1.649111
768645946.969292,1.754672
768645946.9806479,1.753779
768645948.76546,1.721229
768645948.7775481,1.7444680000000001
768645950.4892801,1.6576309999999999
768645950.500656,1.656443
768645952.296373,1.732204
768645952.296489,1.743901
768645953.964403,1.592508
768645953.9647039,1.593645
768645955.7185531,1.690311
768645955.744853,1.7171560000000001
768645957.4708619,1.667537
768645957.487152,1.694868
768645959.247687,1.693484
768645959.2591491,1.728123
768645961.046059,1.709449
768645961.0568,1.746385
768645962.722675,1.6169660000000001
768645962.723111,1.605956
768645964.5293529,1.7436960000000001
768645964.541281,1.75441
768645966.341353,1.748908
768645966.3530251,1.7482369999999998
768645968.1419159,1.737336
768645968.14987,1.733142
768645970.07161,1.863715
768645970.072172,1.855947
768645972.0305829,1.895725
768645972.0346969,1.8983260000000002
768645974.1009649,1.997321
768645974.113459,2.0135140000000002
768645975.8913691,1.714718
768645975.903337,1.73879
768645978.3289909,2.3740639999999997
768645978.341099,2.374289
768645980.162085,1.766429
768645980.165964,1.7579939999999998
768645981.9638519,1.731041
768645981.964588,1.735141
768645983.848541,1.821452
768645983.860243,1.8315510000000002
768645985.692731,1.7804470000000001
768645985.693132,1.769045
768645987.421939,1.661124
768645987.433496,1.674581
768645989.161089,1.6758229999999998
768645989.188167,1.690943
768645990.886016,1.631085
768645990.896707,1.6760869999999999
768645992.6114401,1.657547
768645992.6237539,1.680626
768645994.5016121,1.810893
768645994.526401,1.848593
768645996.269809,1.695878
768645996.2701621,1.686644
768645998.0564281,1.725821
768645998.061006,1.715298
768645999.7812381,1.667916
768645999.781418,1.643999
768646001.5230091,1.6656469999999999
768646001.52327,1.66673
768646003.215686,1.626087
768646003.261794,1.671719
768646005.177184,1.851672
768646005.188997,1.908901
768646007.028917,1.77316
768646007.040539,1.796649
768646008.7910761,1.699147
768646008.8035749,1.699323
768646010.787024,1.919676
768646010.799448,1.944839
768646012.555132,1.6918199999999999
768646012.566539,1.716111
768646014.2238361,1.590541
768646014.239355,1.6177570000000001
768646016.06724,1.753252
768646016.0699301,1.7891370000000002
768646017.836187,1.7057520000000002
768646017.836262,1.688306
768646019.6216661,1.688621
768646019.632339,1.721169
768646021.380026,1.690352
768646021.3800759,1.701509
768646023.1373839,1.689635
768646023.1378101,1.6915840000000002
768646024.8846531,1.683621
768646024.889995,1.687455
768646026.709478,1.752356
768646026.709894,1.758295
768646028.527817,1.7551619999999999
768646028.527913,1.754005
768646030.294657,1.703477
768646030.2952291,1.703181
768646032.114937,1.7572219999999998
768646032.117648,1.7586410000000001
768646035.965494,3.783652
768646035.965885,3.780861
768646040.040863,3.9857290000000005
768646040.0469221,3.9952099999999997
768646043.170599,3.066166
768646043.1997219,3.102414
768646045.9717381,2.736237
768646046.0200449,2.756234
768646048.438958,2.3461440000000002
768646048.466887,2.435822
768646050.917392,2.430903
768646051.405024,2.8940900000000003
768646053.6029791,2.6318639999999998
768646053.66932,2.2147400000000004
768646056.072537,2.343521
768646056.103028,2.45616
768646058.390671,2.273956
768646058.4425509,2.268856
768646060.80764,2.301801
768646060.815588,2.36988
768646063.098335,2.2255589999999996
768646063.115239,2.247776
768646065.453205,2.2831330000000003
768646065.793758,2.641558
768646067.287803,1.771112
768646068.398095,2.550072
768646069.809716,2.483517
768646071.060088,2.615238
768646072.656874,2.79029
768646073.168671,2.054813
768646074.803998,2.107125
768646075.223274,2.0115290000000003
768646076.930575,2.073404
768646077.418417,2.155793
768646078.9344721,1.936832
768646079.6979849,2.2228920000000003
768646081.074757,2.086709
768646082.045768,2.293558
768646083.5373671,2.40631
768646084.457756,2.3693199999999996
768646085.837273,2.244401
768646086.706352,2.205697
768646088.061577,2.1802599999999996
768646088.97662,2.2164070000000002
768646090.230727,2.125747
768646091.386477,2.342797
768646092.678376,2.406698
768646093.608816,2.165544
768646094.9597081,2.2251879999999997
768646095.8566281,2.205065
768646097.288487,2.28804
768646098.0963689,2.1860209999999998
768646099.4437569,2.0954070000000002
768646100.6759579,2.522459
768646101.778665,2.281273
768646103.707507,2.992512
768646105.1883711,3.351642
768646106.956824,3.196039
768646108.096649,2.851702
768646110.1447079,3.131413
768646110.528613,2.3895470000000003
768646113.173693,2.591219
768646113.175161,2.953976
768646115.466853,2.2252180000000004
768646115.483026,2.2525560000000002
768646117.68586,2.161146
768646117.7674359,2.230831
768646119.883566,2.1470360000000004
768646120.547596,2.723537
768646122.432952,2.502026
768646123.445556,2.841737
768646124.86354,2.364029
768646126.42984,2.940083
768646127.005636,2.101978
768646128.968528,1.907773
768646129.010936,2.506287
768646131.1949329,2.171232
768646131.270549,2.203588
768646133.192566,1.945161
768646133.266068,1.929044
768646135.080037,1.833869
768646135.1071911,1.80037
768646137.2821059,2.150127
768646137.986446,2.82747
768646139.437987,2.100837
768646140.987756,2.945005
768646141.508128,2.0045710000000003
768646143.8217059,2.270643
768646143.826818,2.796388
768646146.192808,2.315919
768646146.2254491,2.357677
768646148.143181,1.894151
768646148.208858,1.927359
768646150.705513,2.506748
768646150.77064,2.4987239999999997
768646153.337603,2.578129
768646153.9247551,3.100827
768646155.7391111,2.345953
768646156.567315,2.585937
768646158.085024,2.29264
768646159.265253,2.641502
768646160.812862,2.671016
768646162.426405,3.1070160000000002
768646163.629607,2.760344
768646165.877502,3.3838459999999997
768646166.418056,2.711751
768646168.78343,2.838936
768646168.7933979,2.318595
768646170.717464,1.86781
768646171.137949,2.296258
768646172.719634,1.948731
768646174.3732929,3.1579300000000003
768646174.892538,2.1369420000000003
768646176.96764,2.021398
768646177.009378,2.578916
768646179.058416,2.035106
768646179.1292751,2.053086
768646181.202257,2.017709
768646181.2493521,2.155645
768646183.359196,2.074398
768646183.39536,2.135632
768646185.4607389,2.048133
768646185.482324,2.033811
768646187.762456,2.260386
768646187.853468,2.331586
768646189.957732,2.143529
768646189.997305,2.0906879999999997
768646191.996246,1.959649
768646192.0326511,2.031916
768646194.188773,2.113182
768646194.219018,2.128407
768646196.313982,2.071916
768646196.329529,2.058625
768646198.673888,2.304096
768646198.69822,2.310276
768646200.9611001,2.234248
768646200.979102,2.227382
768646203.424041,2.424017
768646203.439628,2.420813
768646206.197014,2.704133
768646206.231023,2.7537529999999997
768646208.658822,2.408382
768646208.69646,2.412449
768646211.024081,2.319157
768646211.07087,2.318946
768646213.566161,2.4886359999999996
768646213.5998499,2.4760210000000002
768646216.3864499,2.766994
768646216.4178901,2.765125
768646219.448536,3.0062510000000002
768646219.48017,3.02012
768646222.043615,2.5419650000000003
768646222.055897,2.5226699999999997
768646224.6070421,2.507298
768646224.635358,2.528912
768646227.765605,3.1162609999999997
768646227.801904,3.118967
768646231.203212,3.396569
768646231.2353821,3.380779
768646234.538365,3.2355560000000003
768646234.544199,3.273048
768646237.760175,3.154103
768646237.7847351,3.170809
768646241.112831,3.259571
768646241.141969,3.326651
768646244.863416,3.68194
768646244.875214,3.6652460000000002
768646247.9755191,3.026983
768646247.988504,3.049815
768646251.161584,3.095797
768646251.1630629,3.076513
768646254.752679,3.523825
768646254.753394,3.525916
768646258.5750849,3.771388
768646258.575686,3.770009
768646261.8403901,3.188655
768646261.842028,3.188469
768646265.3417951,3.430646
768646265.347939,3.4410399999999997
768646268.122741,2.7163410000000003
768646268.817683,3.407416
768646271.291496,3.113384
768646271.9140179,3.037306
768646274.621744,3.27281
768646275.2867911,3.321695
768646277.424535,2.742979
768646278.0485129,2.620232
768646280.685359,2.576109
768646280.727121,3.243785
768646283.176553,2.322714
768646283.1806151,2.438139
768646285.797203,2.561889
768646285.854437,2.638611
768646288.338144,2.5032219999999996
768646288.3778789,2.467208
768646290.643335,2.225615
768646290.667115,2.289353
768646292.979857,2.282881
768646293.3690779,2.6338239999999997
768646295.131327,2.095494
768646295.770546,2.344169
768646297.8163099,2.6407629999999997
768646298.207782,2.371578
768646300.049132,2.176563
768646300.586903,2.310565
768646302.954788,2.317103
768646302.990839,2.8947130000000003
768646305.1219751,2.1295070000000003
768646305.168879,2.13465
768646307.180324,2.018503
768646307.8155191,2.5905590000000003
768646309.375211,2.12826
768646310.2353439,2.3597900000000003
768646311.7622069,2.33047
768646313.212745,2.9213590000000003
768646314.151592,2.3448610000000003
768646316.058857,2.803756
768646316.484049,2.286287
768646318.162862,2.0473779999999997
768646318.5255159,1.9951499999999998
768646320.527185,1.935056
768646320.559558,2.344061
768646322.521839,1.952818
768646322.595876,1.994061
768646324.417599,1.844076
768646324.966006,2.317427
768646326.525197,2.049256
768646327.469015,2.460759
768646328.738391,2.159414
768646330.2589331,2.736834
768646331.089161,2.2882890000000002
768646332.888504,2.574227
768646333.301193,2.157965
768646335.178425,2.247306
768646335.7041091,2.346756
768646337.695472,1.937206
768646337.7069579,2.47554
768646339.830118,2.0682869999999998
768646339.8854719,2.0973580000000003
768646341.7487711,1.864876
768646341.845873,1.907739
768646343.64042,1.8530820000000001
768646343.642233,1.732885
768646345.768113,2.0870509999999998
768646345.793708,2.11655
768646347.8649861,2.015231
768646348.516735,2.692841
768646349.696748,1.795268
768646351.009191,2.436715
768646352.3536849,2.61863
768646354.1296259,3.082685
768646354.724913,2.314831
768646356.488883,2.3038849999999997
768646356.791065,2.012346
768646358.402808,1.87438
768646358.873384,2.0255170000000002
768646360.661233,2.205351
768646361.0947651,2.167866
768646363.059986,1.918885
768646363.101591,2.384318
768646365.190471,2.086382
768646365.2435,2.088955
768646367.513632,2.2666790000000003
768646367.548428,2.249534
768646369.7212011,2.154033
768646369.7923341,2.191223
768646371.667335,1.9088569999999998
768646372.293494,2.445144
768646373.849753,2.128788
768646374.705205,2.3555759999999997
768646376.036812,2.131068
768646377.534525,2.7764159999999998
768646378.47706,2.396748
768646380.0806,2.490954
768646380.534257,2.016871
768646382.402367,2.2819200000000004
768646382.797392,2.220517
768646384.5292209,2.073504
768646384.874425,2.023708
768646386.5102041,1.925209
768646386.9225,1.9918980000000002
768646388.6681869,2.1052419999999996
768646389.176588,2.2148760000000003
768646390.9868,1.7705380000000002
768646391.0228039,2.3158689999999997
768646392.879488,1.839316
768646393.555071,2.479382
768646394.6570779,1.739003
768646396.137393,2.5364590000000002
768646397.127446,2.433542
768646398.889359,2.705886
768646399.63667,2.452762
768646401.985019,3.04231
768646402.463979,2.772843
768646405.050659,2.5253490000000003
768646405.060306,3.019351
768646407.833582,2.745979
768646407.905176,2.8054439999999996
768646409.996056,2.1265870000000002
768646410.5354321,2.576396
768646412.081723,2.031199
768646413.030087,2.4408149999999997
768646414.5838159,2.46496
768646415.711398,2.6250560000000003
768646416.897249,2.2648249999999996
768646418.2893759,2.514241
768646418.9605739,2.006684
768646421.533993,2.519707
768646421.563904,3.2181520000000003
768646423.969084,2.388729
768646423.999725,2.3853709999999997
768646426.1882321,2.146575
768646426.244323,2.16641
768646428.209319,1.9648679999999998
768646428.241878,1.936302
768646430.196387,1.9476660000000001
768646430.2048211,1.92059
768646432.325711,2.077543
768646432.930404,2.672555
768646434.244549,1.864351
768646435.845168,2.858805
768646436.374542,2.092423
768646438.2594551,1.8438459999999999
768646438.319261,2.434094
768646440.2348429,1.916441
768646440.3192921,1.9578109999999997
768646442.056936,1.783938
768646442.570121,2.195231
768646443.9607631,1.8673749999999998
768646445.063221,2.454218
768646446.109502,2.074922
768646448.081816,1.932536
768646448.108544,3.003308
768646450.05638,1.917867
768646450.131277,1.966845
768646451.972533,1.858762
768646452.5846779,2.413264
768646453.937048,1.9142810000000001
768646455.043144,2.41636
768646456.16012,2.183385
768646457.64557,2.549838
768646458.122409,1.906724
768646460.02679,1.868726
768646460.056685,2.355181
768646461.996863,1.888142
768646462.546824,2.433593
768646463.901976,1.8470360000000001
768646464.9140669,2.304701
768646465.9700719,2.0326760000000004
768646467.796816,1.770133
768646467.8067689,2.836987
768646469.7701019,1.9219860000000002
768646469.878133,2.01811
768646471.6088209,1.800593
768646472.243071,2.309444
768646473.696757,2.0516620000000003
768646475.2242191,2.924977
768646475.980068,2.245376
768646478.523665,2.4895680000000002
768646478.544595,3.257451
768646480.527415,1.9636580000000001
768646480.561098,1.9722849999999998
768646482.624108,2.040698
768646483.187145,2.568482
768646484.8360591,2.158625
768646485.435035,2.193517
768646487.211337,2.332907
768646487.635575,2.15718
768646489.4230031,2.1581360000000003
768646490.4914811,2.7934330000000003
768646491.54032,2.0613319999999997
768646493.006468,2.472208
768646493.48393,1.902879
768646495.171174,1.6444969999999999
768646495.205916,2.120333
768646496.9896051,1.7819349999999998
768646497.4168019,2.157515
768646498.963802,1.9196849999999999
768646499.833673,2.373406
768646501.040995,2.0407889999999997
768646502.2010471,2.314199
768646503.326206,2.229259
768646504.553091,2.2916
768646505.2748699,1.910888
768646506.645357,2.049747
768646507.244946,1.9102620000000001
768646508.966809,1.683817
768646509.012851,2.303603
768646510.7958931,1.774347
768646510.9051831,1.8363209999999999
768646512.660446,1.702404
768646512.679681,1.831866
768646514.765749,2.016893
768646515.181673,2.466595
768646516.5569301,1.7378630000000002
768646517.72342,2.488019
768646518.7985389,2.205415
768646519.899166,2.1384630000000002
768646521.0104591,2.164051
768646522.5745469,2.621184
768646523.095109,2.028455
768646525.6513671,3.021096
768646525.67382,2.526679
768646528.379977,2.640595
768646528.443405,2.7356809999999996
768646531.089708,2.6492299999999998
768646531.52021,3.0205800000000003
768646533.3796761,2.2272160000000003
768646534.4165109,2.8425949999999998
768646535.524917,2.10405
768646537.208463,2.7355449999999997
768646537.591751,2.012402
768646539.4682261,1.808195
768646539.604398,2.339859
768646541.3087081,1.795107
768646542.000548,2.342701
768646543.127967,1.777223
768646544.6535571,2.596527
768646545.178254,2.010274
768646546.987397,2.2779089999999997
768646547.546963,2.327249
768646549.46171,2.436733
768646549.807617,2.2193899999999998
768646551.87056,2.3527940000000003
768646551.8719579,2.021058
768646554.4376849,2.511904
768646555.041591,3.118667
768646556.448441,1.9709160000000001
768646557.617981,2.530255
768646558.647493,2.14264
768646560.584911,2.9205020000000004
768646560.910508,2.205562
768646562.802132,1.835041
768646562.8765169,2.236965
768646564.646136,1.804069
768646565.2885411,2.35573
768646566.5470849,1.858619
768646568.081879,2.7430879999999997
768646569.063878,2.464286
768646570.967351,2.8381410000000002
768646571.445749,2.33866
768646573.574005,2.0621039999999997
768646573.586853,2.575436
768646575.8435351,2.212712
768646576.384302,2.7509840000000003
768646577.908626,2.0266580000000003
768646579.024279,2.597558
768646580.17718,2.2037839999999997
768646581.617902,2.5403000000000002
768646582.407212,2.1736009999999997
768646584.149648,2.489269
768646584.510892,2.0654969999999997
768646586.456145,1.888233
768646586.535287,2.3298110000000003
768646588.219013,1.726134
768646588.90466,2.315769
768646590.074465,1.8167840000000002
768646591.631055,2.6705140000000003
768646592.1505669,1.999271
768646594.151126,1.961819
768646594.240256,2.555893
768646595.8971419,1.709381
768646597.043806,2.746702
768646598.1109611,2.1768
768646600.087459,2.9876329999999998
768646600.4319961,2.2643619999999998
768646603.095374,2.6234159999999997
768646603.125294,2.981573
768646605.9216961,2.770989
768646605.965017,2.786454
768646608.118082,2.085553
768646608.155474,2.1764140000000003
768646610.369921,2.157289
768646610.3998209,2.239076
768646612.670429,2.245073
768646612.6971711,2.243059
768646614.728507,1.9751299999999998
768646614.744359,2.016312
768646616.759662,1.9502840000000001
768646617.393304,2.611253
768646618.7834361,1.9819600000000002
768646619.986653,2.5509209999999998
768646621.1520981,2.331688
768646622.690536,2.627468
768646623.1983579,1.9894679999999998
768646625.315153,2.078273
768646625.3523101,2.619548
768646627.460088,2.0880080000000003
768646627.546784,2.152449
768646629.688684,2.176038
768646629.758191,2.170816
768646631.7065531,1.961819
768646631.709851,1.895589
768646633.61816,1.8587639999999999
768646633.668507,1.905433
768646635.6096281,1.88478
768646635.639302,1.9651569999999998
768646637.904673,2.213044
768646638.4309391,2.768026
768646639.800971,1.839337
768646640.8922709,2.404997
768646641.9946079,2.155504
768646643.159056,2.210543
768646644.188437,2.153846
768646645.500256,2.287881
768646646.409456,2.180193
768646647.8753101,2.335505
768646648.3669851,1.902911
768646650.0647739,2.113477
768646650.578956,2.1546730000000003
768646652.516328,2.3950579999999997
768646652.606899,1.97287
768646654.770383,2.108059
768646654.806718,2.2342180000000003
768646656.948666,2.125941
768646656.9863889,2.126257
768646659.291452,2.287898
768646659.394367,2.3519069999999997
768646661.4157289,2.070091
768646661.4307489,1.983154
768646663.68724,2.200204
768646663.709266,2.238348
768646665.649387,1.885439
768646666.177935,2.437471
768646667.782051,2.099638
768646668.3569671,2.14582
768646669.662408,1.848663
768646670.6095959,2.219437
768646672.10427,2.4084890000000003
768646673.161339,2.4980480000000003
768646674.332592,2.194941
768646675.52109,2.30367
768646676.588862,2.215295
768646678.056991,2.479234
768646678.8488151,2.1936780000000002
768646680.204929,2.0917470000000002
768646680.9375501,2.034634
768646682.283986,2.022785
768646683.2406399,2.246116
768646684.7354981,2.398073
768646685.626064,2.343857
768646687.0293471,2.251626
768646687.467505,1.7849059999999999
768646689.334772,1.8283660000000002
768646689.349406,2.254062
768646691.483716,2.093741
768646691.4953129,2.061802
768646693.470408,1.9329370000000001
768646693.519628,1.971487
768646695.75999,2.22994
768646696.239728,2.677483
768646698.147576,2.350201
768646698.570471,2.268616
768646700.417086,2.212523
768646700.78151,2.157786
768646702.575994,2.10194
768646702.9724181,2.134561
768646704.771261,2.141795
768646705.250923,2.21754
768646706.680163,1.869066
768646707.2302129,1.936849
768646708.736326,1.999572
768646709.297654,2.026605
768646710.592567,1.800252
768646711.547052,2.192907
768646712.642659,2.010072
768646714.161363,2.5608229999999996
768646714.6879859,1.988878
768646716.531426,1.802498
768646716.548506,2.347508
768646718.494895,1.908519
768646718.564937,1.96
768646720.397998,1.8686989999999999
768646720.404446,1.78656
768646722.23763,1.803231
768646722.810956,2.368111
768646724.164685,1.8924390000000002
768646725.151873,2.287362
768646726.7997099,2.583036
768646728.126155,2.907727
768646729.590801,2.736663
768646731.0582039,2.8760719999999997
768646732.86143,3.2047999999999996
768646734.114404,3.012314
768646736.597168,3.685592
768646736.8600299,2.699582
768646738.71927,2.054746
768646739.100478,2.183936
768646740.849857,2.074427
768646741.2500091,2.089133
768646742.667534,1.761021
768646743.3155899,2.0008719999999998
768646744.493758,1.786737
768646745.699312,2.330011
768646746.591739,2.056603
768646747.923195,2.177722
768646748.8944119,2.2487980000000003
768646750.534568,2.544672
768646751.142925,2.192051
768646752.87329,2.268235
768646753.277777,2.071985
768646754.957333,2.0281499999999997
768646755.320479,1.9860300000000002
768646756.760592,1.749935
768646757.253214,1.879087
768646758.77957,1.9805000000000001
768646759.28417,1.9935539999999998
768646760.915154,2.0982179999999997
768646761.350643,2.0070930000000002
768646762.986855,2.016014
768646763.426758,2.0195529999999997
768646765.054935,2.030129
768646765.513247,2.032815
768646767.0771891,1.96642
768646767.52886,1.941303
768646769.176519,2.040108
768646769.6386601,2.071831
768646771.155434,1.9233500000000001
768646771.889808,2.194105
768646773.8627319,2.666999
768646774.616292,2.6725339999999997
768646776.587558,2.682371
768646776.972104,2.298538
768646778.929969,1.9014579999999999
768646778.930515,2.2866750000000002
768646780.885368,1.9021400000000002
768646781.501302,2.517073
768646783.258227,2.3187580000000003
768646783.996493,2.4388449999999997
768646785.220669,1.927054
768646786.323368,2.248477
768646787.418012,2.141358
768646788.4767411,2.100798
768646789.753667,2.28206
768646790.579445,2.067312
768646792.1281171,2.318244
768646793.306366,2.674088
768646794.598195,2.41314
768646795.760697,2.406494
768646797.513659,2.86185
768646798.108425,2.294032
768646800.0913881,1.926697
768646800.0947659,2.525136
768646802.276948,2.112132
768646802.293085,2.1450359999999997
768646804.376066,2.045689
768646804.409705,2.0496920000000003
768646806.416148,1.9863929999999999
768646806.4305401,1.9647369999999997
768646808.420112,1.9650969999999999
768646808.479117,2.0060339999999997
768646810.3850709,1.924075
768646810.395215,1.85939
768646812.3847129,1.947967
768646812.423949,1.976733
768646814.438556,1.9988860000000002
768646814.475883,2.017033
768646816.4219389,1.9321819999999998
768646816.487924,1.9589529999999997
768646818.4352591,1.9753470000000002
768646818.447723,1.903814
768646820.439981,1.940589
768646820.4589311,1.9722429999999997
768646822.442312,1.945277
768646822.4814479,2.0076120000000004
768646824.4991721,2.0057579999999997
768646824.565161,2.021714
768646826.45614,1.919036
768646826.467281,1.8461949999999998
768646828.411784,1.9042569999999999
768646828.427549,1.908339
768646830.3570371,1.9071660000000001
768646830.367099,1.8987749999999999
768646832.355569,1.96217
768646832.36448,1.9581730000000002
768646834.279109,1.8690930000000001
768646834.3560829,1.9372619999999998
768646836.517792,2.1870060000000002
768646836.549942,2.140484
768646838.509171,1.952054
768646838.52389,1.931262
768646840.6011649,2.038593
768646840.6317279,2.054491
768646842.583849,1.944925
768646842.6158501,1.941876
768646844.6087911,1.988835
768646844.622343,1.966013
768646846.723974,2.060601
768646846.733293,2.056233
768646848.741882,1.981745
768646848.779249,2.0092090000000002
768646850.807242,2.010878
768646851.402704,2.5643029999999998
768646853.9724729,3.1121030000000003
768646854.64563,3.18937
768646856.7490801,2.0655959999999998
768646856.7847631,2.758871
768646860.0696441,3.264183
768646860.108705,3.2675009999999998
768646862.737932,2.5736790000000003
768646862.7398139,2.612132
768646865.576499,2.792931
768646865.57689,2.781703
768646868.191519,2.558459
768646868.2047551,2.571088
768646870.940887,2.693633
768646870.941584,2.680523
768646873.598644,2.603637
768646873.602735,2.609211
768646876.196111,2.5469440000000003
768646876.207469,2.553695
768646878.969009,2.7155590000000003
768646878.9796491,2.706669
768646881.684537,2.6463680000000003
768646881.695484,2.665408
768646883.937901,2.201664
768646883.980882,2.227397
768646886.153252,2.173783
768646886.7282649,2.666681
768646888.536952,2.331822
768646889.128164,2.3371910000000002
768646891.109018,2.514652
768646891.5529871,2.366647
768646893.222325,2.058534
768646894.495335,2.887494
768646895.68304,2.417535
768646897.171467,2.619015
768646897.729854,2.005139
768646899.9088581,2.127082
768646899.939328,2.7111140000000002
768646902.144309,2.180187
768646902.173231,2.179687
768646904.070485,1.887492
768646904.791845,2.561623
768646906.216439,2.089702
768646907.085679,2.256314
768646908.814305,2.5619330000000002
768646909.342092,2.220418
768646911.1951469,2.3428809999999998
768646911.7965529,2.416308
768646913.740991,2.477619
768646914.12237,2.268374
768646915.9557849,2.1568680000000002
768646916.342194,2.162216
768646918.1186739,2.086213
768646918.718454,2.318765
768646920.105709,1.940283
768646921.113005,2.3395439999999996
768646922.4494779,2.296746
768646923.704967,2.535129
768646924.707201,2.212486
768646926.066205,2.306765
768646926.535395,1.783866
768646928.2666869,1.691544
768646928.280935,2.167661
768646930.1382589,1.813595
768646930.210173,1.871814
768646931.905997,1.731759
768646932.440499,2.1757500000000003
768646933.754171,1.79458
768646934.510097,2.022707
768646935.9252379,2.13335
768646936.612338,2.063838
768646938.23399,2.241796
768646938.776984,2.0832149999999996
768646940.403136,2.1079890000000003
768646940.9274881,2.095525
768646942.377951,1.915561
768646942.7580429,1.773059
768646944.4736611,2.0396799999999997
768646944.810781,2.000106
768646946.714798,2.182991
768646946.7297261,1.853458
768646948.855824,2.1017509999999997
768646948.868547,2.0988439999999997
768646950.760643,1.849842
768646950.772135,1.8755359999999999
768646952.708891,1.894893
768646952.7207631,1.892292
768646954.62808,1.864678
768646954.64097,1.864006
768646956.6467589,1.952354
768646956.6561459,1.976302
768646958.5789311,1.894779
768646958.609655,1.914724
768646960.565854,1.949154
768646960.599838,1.9500439999999999
768646962.802952,2.147629
768646962.80452,2.182305
768646965.044766,2.207004
768646965.045898,2.202055
768646967.170096,2.0692720000000002
768646967.182499,2.078159
768646969.195648,1.990585
768646969.232679,2.010768
768646971.469941,2.2230790000000002
768646971.475144,2.187821
768646973.589731,2.075345
768646973.603864,2.094305
768646976.5219,2.8622009999999998
768646976.523238,2.8752220000000004
768646980.201025,3.6233250000000004
768646980.20339,3.621883
768646983.363489,3.1206419999999997
768646983.3850789,3.1373680000000004
768646986.832162,3.402248
768646986.8440801,3.387999
768646990.166452,3.252244
768646990.2067709,3.318373
768646993.4611499,3.1880200000000003
768646993.461672,3.224549
768646996.9247919,3.392702
768646996.956726,3.42882
768647000.027524,3.004604
768647000.030591,3.036151
768647003.5488399,3.455638
768647003.549281,3.449494
768647006.972163,3.346064
768647007.006739,3.38392
768647009.859208,2.817092
768647009.8619981,2.77902
768647012.6967801,2.7799690000000004
768647012.733571,2.822815
768647015.923255,3.1292820000000003
768647015.930465,3.1204449999999997
768647018.6593319,2.669512
768647018.700172,2.7170929999999998
768647021.154142,2.435487
768647021.734233,2.969536
768647023.753711,2.539755
768647024.610346,2.816755
768647027.080233,3.270472
768647027.832089,3.164726
768647030.213931,3.0741
768647030.7717799,2.885859
768647033.2456219,2.973856
768647033.6797479,2.868003
768647034.662301,1.358414
768647035.321288,1.574241
768647036.2067981,1.461213
768647036.780344,1.4143890000000001
768647037.557927,1.285112
768647038.116324,1.270003
768647038.826755,1.224906
768647039.299275,1.138278
768647040.106856,1.2356209999999999
768647040.573874,1.229938
768647041.469767,1.295892
768647041.901967,1.261397
768647042.7107099,1.196484
768647043.073575,1.112839
768647044.1091139,1.322054
768647044.4121381,1.293099
768647045.379712,1.2228919999999999
768647045.9166989,1.43727
768647046.5057139,1.0744529999999999
768647047.087644,1.11397
768647047.677984,1.108778
768647048.253404,1.102388
768647048.812347,1.067121
768647049.5687981,1.2388569999999999
768647049.94828,1.0816910000000002
768647051.211799,1.211012
768647051.22974,1.603775
768647052.926953,1.6634309999999999
768647052.939312,1.6338679999999999
768647054.636419,1.642365
768647054.648668,1.642395
768647056.182901,1.459673
768647056.194247,1.4856019999999999
768647057.74757,1.501452
768647057.759768,1.502258
768647059.4039581,1.592834
768647059.415665,1.5926950000000002
768647061.104934,1.6255410000000001
768647061.117213,1.649693
768647062.726486,1.542739
768647062.7386991,1.5670199999999999
768647064.256835,1.4546780000000001
768647064.2692189,1.479
768647065.813015,1.4808189999999999
768647065.8517901,1.5314619999999999
768647067.374031,1.449808
768647067.3860489,1.5208890000000002
768647069.247887,1.810838
768647069.259097,1.7929739999999998
768647070.996369,1.688225
768647071.001033,1.682167
768647072.877376,1.824515
768647072.888281,1.7998770000000002
768647074.5583481,1.620665
768647074.569955,1.622426
768647076.364401,1.743146
768647076.37518,1.741811
768647078.169257,1.737515
768647078.169287,1.747904
768647080.0373989,1.7921619999999998
768647080.053172,1.808047
768647081.778969,1.680749
768647081.79024,1.676547
768647083.553512,1.71103
768647083.565289,1.711902
768647085.367426,1.7506570000000001
768647085.378948,1.750121
768647087.3543041,1.920487
768647087.3662109,1.921134
768647089.152346,1.722662
768647089.164369,1.746347
768647091.073275,1.842166
768647091.085338,1.866001
768647092.912117,1.7753999999999999
768647092.923604,1.774327
768647094.83702,1.846425
768647094.849209,1.870385
768647096.641986,1.7291990000000002
768647096.65251,1.7522760000000002
768647098.615891,1.903385
768647098.6280069,1.9262540000000001
768647100.441078,1.7557289999999999
768647100.452508,1.77952
768647102.83275,2.332402
768647102.859238,2.346956
768647104.927024,2.037349
768647104.939047,2.016386
768647106.722385,1.716402
768647106.722415,1.728921
768647108.5603261,1.774056
768647108.572083,1.786295
768647110.282346,1.6428960000000001
768647110.294875,1.6682000000000001
768647112.054739,1.696316
768647112.0592949,1.7134150000000001
768647114.0312021,1.9039389999999998
768647114.031458,1.909071
768647115.862818,1.768613
768647115.8635889,1.768564
768647117.7615999,1.835966
768647117.7732121,1.846215
768647119.566127,1.7378820000000001
768647119.566308,1.7265810000000001
768647121.303539,1.6740030000000001
768647121.315151,1.684673
768647123.008284,1.638556
768647123.019866,1.6384509999999999
768647124.8592601,1.788034
768647124.87221,1.789202
768647126.563649,1.624423
768647126.575241,1.649376
768647128.287414,1.625325
768647128.300384,1.673577
768647130.201516,1.85086
768647130.201617,1.838075
768647132.057885,1.793242
768647132.066289,1.8009140000000001
768647133.970369,1.8450719999999998
768647133.984815,1.8511179999999998
768647135.959494,1.932601
768647136.036642,1.994797
768647137.7983329,1.756018
768647137.798545,1.684976
768647139.6558859,1.8006039999999999
768647139.6677079,1.809473
768647141.358441,1.627175
768647141.359403,1.64005
768647143.186784,1.76011
768647143.187075,1.762499
768647144.962359,1.7119520000000001
768647144.9746879,1.7236090000000002
768647146.7685261,1.739917
768647146.7690821,1.727558
768647148.595019,1.763347
768647148.595661,1.762776
768647150.490068,1.831842
768647150.490574,1.8308790000000001
768647152.244634,1.69167
768647152.256136,1.70217
768647154.059025,1.7471889999999999
768647154.071428,1.749033
768647155.722474,1.580225
768647155.7228739,1.5911549999999999
768647157.7254851,1.938867
768647157.7554979,1.9695569999999998
768647159.604234,1.782311
768647159.6042539,1.824618
768647161.381338,1.707396
768647161.39313,1.719059
768647163.148543,1.681152
768647163.148633,1.690741
768647165.084051,1.8590950000000002
768647165.085396,1.86101
768647166.806513,1.665666
768647166.806904,1.655551
768647168.912784,2.0430829999999998
768647168.925573,2.035841
768647170.734591,1.755157
768647170.734677,1.7426329999999999
768647172.587507,1.788776
768647172.5876119,1.789377
768647174.5682449,1.917135
768647174.568275,1.916649
768647176.338853,1.707486
768647176.371905,1.739717
768647178.148378,1.7433349999999999
768647178.159889,1.722136
768647180.0488601,1.824958
768647180.0641191,1.852379
768647181.8434379,1.712458
768647181.843699,1.734125
768647183.580644,1.660336
768647183.5807289,1.6618220000000001
768647185.538168,1.8825479999999999
768647185.5383581,1.883475
768647187.225257,1.609368
768647187.2256429,1.608632
768647189.080783,1.7676669999999999
768647189.092656,1.804468
768647190.895364,1.7512429999999999
768647190.907703,1.75167
768647192.642664,1.671593
768647192.654621,1.6952779999999998
768647194.3466871,1.625741
768647194.358986,1.6497320000000002
768647196.175662,1.765567
768647196.185805,1.763582
768647197.946105,1.693354
768647197.957812,1.7161170000000001
768647199.594283,1.5848360000000001
768647199.5945491,1.572838
768647201.423423,1.765296
768647201.4870111,1.829559
768647203.1721619,1.6218350000000001
768647203.197022,1.707344
768647205.1217929,1.8925299999999998
768647205.1322299,1.877978
768647206.8580669,1.665978
768647206.868688,1.6870509999999999
768647208.684404,1.758222
768647208.696643,1.781599
768647210.398231,1.63815
768647210.410615,1.6629019999999999
768647212.206012,1.718266
768647212.207736,1.74592
768647213.962281,1.6968750000000001
768647213.973708,1.70548
768647215.7569209,1.719801
768647215.768999,1.743536
768647217.612618,1.792184
768647217.624445,1.792074
768647219.417862,1.738739
768647219.429659,1.738809
768647221.1134609,1.619813
768647221.1246519,1.6428809999999998
768647222.964146,1.7847169999999999
768647222.9760029,1.784646
768647224.758565,1.731002
768647224.770803,1.7309560000000002
768647226.670912,1.833869
768647226.67124,1.84596
768647228.825012,2.096222
768647228.8349559,2.105972
768647246.5105081,17.615849
768647246.519741,17.634877
768647248.28588,1.714801
768647248.297492,1.7172209999999999
768647250.268482,1.916619
768647250.28073,1.9156760000000002
768647252.110026,1.777861
768647252.1136839,1.752251
768647254.020535,1.84412
768647254.020916,1.8396599999999999
768647255.96128,1.876911
768647255.96131,1.876811
768647257.886679,1.838662
768647257.8869649,1.812903
768647259.704192,1.750447
768647259.704342,1.750096
768647261.5009661,1.733833
768647261.5014731,1.733848
768647263.288229,1.720016
768647263.288259,1.721089
768647265.109084,1.758054
768647265.120481,1.767933
768647266.9836601,1.8076800000000002
768647266.983996,1.796674
768647268.84912,1.803099
768647268.860216,1.812576
768647270.6121811,1.685159
768647270.612677,1.697268
768647272.458591,1.783323
768647272.470263,1.793652
768647274.5459269,2.024209
768647274.548192,2.014381
768647276.2447029,1.631915
768647276.256215,1.6467649999999998
768647278.1790229,1.868241
768647278.231542,1.90897
768647280.284306,1.9925590000000002
768647280.295332,2.059436
768647282.1211,1.770448
768647282.121621,1.759344
768647283.789716,1.6116469999999998
768647283.80788,1.628949
768647285.563992,1.716872
768647285.564273,1.6995859999999998
768647287.3280461,1.696491
768647287.328617,1.698521
768647289.1348339,1.742839
768647289.146541,1.754076
768647291.0345479,1.821558
768647291.034939,1.833566
768647292.814935,1.716042
768647292.826091,1.727674
768647294.801036,1.9111259999999999
768647294.812463,1.9343299999999999
768647296.379066,1.514648
768647296.4293339,1.553378
768647298.056829,1.561317
768647298.068691,1.620669
768647299.824576,1.704234
768647299.836368,1.704384
768647301.666012,1.765916
768647301.6660199,1.7785399999999998
768647303.4908041,1.763445
768647303.5021001,1.774872
768647305.3225241,1.747225
768647305.3328321,1.7676370000000001
768647307.1264709,1.7448649999999999
768647307.1434729,1.7510379999999999
768647308.8516071,1.667894
768647308.8614221,1.660331
768647310.505431,1.583985
768647310.5154619,1.604765
768647312.326702,1.764388
768647312.338755,1.766116
768647314.087232,1.697383
768647314.099837,1.697543
768647315.7662029,1.615427
768647315.778205,1.6144749999999999
768647317.575471,1.7338580000000001
768647317.5876501,1.735697
768647319.467878,1.826103
768647319.480062,1.825456
768647321.164615,1.633404
768647321.175911,1.6321059999999998
768647323.058001,1.815558
768647323.0684129,1.836502
768647324.71787,1.603262
768647324.718151,1.592385
768647326.443878,1.668386
768647326.444916,1.6699970000000002
768647328.15805,1.657636
768647328.16659,1.664244
768647330.115136,1.897222
768647330.126078,1.8992799999999999
768647331.906221,1.7336509999999998
768647331.932778,1.74917
768647333.587652,1.6244210000000001
768647333.588073,1.5544790000000002
768647335.355464,1.7006000000000001
768647335.367147,1.712292
768647337.248242,1.817628
768647337.260391,1.8409380000000002
768647338.95163,1.6248090000000002
768647338.960681,1.645968
768647340.787701,1.771816
768647340.799117,1.774613
768647342.591426,1.740448
768647342.591682,1.728942
768647344.428299,1.7738260000000001
768647344.439816,1.7842660000000001
768647346.194402,1.6879309999999998
768647346.206135,1.710488
768647348.062237,1.8045769999999999
768647348.07621,1.8070339999999998
768647349.8624699,1.733076
768647349.874524,1.731899
768647351.5779359,1.639679
768647351.589563,1.663084
768647353.9556639,2.3025480000000003
768647353.967572,2.326299
768647355.975724,1.9539000000000002
768647355.987281,1.952577
768647357.7002851,1.6382910000000002
768647357.711441,1.6371529999999999
768647359.627249,1.8638540000000001
768647359.6278219,1.852738
768647361.381009,1.695144
768647361.39181,1.707352
768647363.111302,1.659658
768647363.12338,1.683245
768647364.8106439,1.6122249999999998
768647364.8220661,1.635558
768647366.589933,1.712964
768647366.601535,1.712568
768647368.340435,1.675282
768647368.351902,1.698045
768647370.1815381,1.777816
768647370.19316,1.76354
768647372.039304,1.759112
768647372.0541639,1.809389
768647374.040485,1.918964
768647374.0523281,1.945325
768647375.804924,1.701257
768647375.817042,1.700821
768647377.5744851,1.694316
768647377.585446,1.716734
768647379.256392,1.615357
768647379.268676,1.616505
768647381.13379,1.801366
768647381.177456,1.857621
768647382.864115,1.66407
768647382.948882,1.7049210000000001
768647384.728106,1.800889
768647384.759539,1.747019
768647386.497652,1.684934
768647386.510211,1.6844430000000001
768647388.3329159,1.772062
768647388.334445,1.760743
768647390.085028,1.690679
768647390.111994,1.711506
768647391.8711361,1.695569
768647391.874458,1.732894
768647393.6408731,1.7064540000000001
768647393.653417,1.721365
768647395.440459,1.7332770000000002
768647395.440945,1.727771
768647397.22307,1.718487
768647397.223772,1.7192290000000001
768647399.0338429,1.7447929999999998
768647399.033928,1.742454
768647401.136765,1.621932
768647401.148994,1.6439810000000001
768647402.975809,1.759959
768647402.97637,1.772825
768647404.7711151,1.731593
768647404.783349,1.743821
768647406.594046,1.744102
768647406.594181,1.756651
768647408.3810921,1.723288
768647408.39307,1.734745
768647410.136902,1.6918300000000002
768647410.137207,1.680429
768647411.925532,1.712769
768647411.9255561,1.711598
768647413.712243,1.729361
768647413.7249529,1.742673
768647415.428946,1.651271
768647415.4291121,1.6376330000000001
768647417.133351,1.628841
768647417.144918,1.6403699999999999
768647418.948318,1.74796
768647418.961208,1.749845
768647420.7890501,1.763908
768647420.801052,1.7891160000000002
768647422.5650059,1.7002840000000001
768647422.565191,1.7129949999999998
768647424.365779,1.738068
768647424.378128,1.749274
768647426.325549,1.88097
768647426.32602,1.89361
768647428.152238,1.763056
768647428.1529751,1.7626199999999999
768647429.79539,1.576412
768647429.806932,1.587518
768647431.634278,1.739587
768647431.634594,1.775706
768647433.389636,1.690713
768647433.401704,1.704124
768647435.2096549,1.753629
768647435.232212,1.763617
768647436.9099051,1.612395
768647436.921958,1.649021
768647438.758289,1.769195
768647438.769972,1.7940580000000002
768647440.545036,1.723232
768647440.5760981,1.742445
768647442.302743,1.700623
768647442.303256,1.669889
768647443.954107,1.594014
768647443.9543719,1.5941029999999998
768647445.786505,1.7488270000000001
768647445.786617,1.752464
768647447.5337371,1.6770489999999998
768647447.533782,1.67807
768647449.3655081,1.753938
768647449.3769089,1.7642319999999998
768647451.019735,1.5660699999999999
768647451.019765,1.577537
768647452.8662059,1.782867
768647452.877823,1.7931659999999998
768647454.651869,1.7188430000000001
768647454.664253,1.71975
768647456.4122939,1.679557
768647456.4244779,1.696516
768647458.164981,1.676795
768647458.165071,1.689294
768647459.970917,1.741837
768647459.971243,1.742753
768647461.906575,1.843985
768647461.9192901,1.861275
768647463.7303921,1.744623
768647463.730703,1.757408
768647465.502695,1.708424
768647465.502931,1.7077380000000002
768647467.279764,1.7107590000000001
768647467.280165,1.710278
768647469.041062,1.696972
768647469.041242,1.698656
768647471.020527,1.912694
768647471.020682,1.91083
768647472.89634,1.8129520000000001
768647472.908353,1.823562
768647474.8243151,1.8615000000000002
768647474.8246909,1.849537
768647476.767586,1.879788
768647476.779228,1.8904180000000002
768647479.008239,2.174223
768647479.0198721,2.174394
768647481.3323671,2.2606800000000002
768647481.3439189,2.260184
768647483.354186,1.955254
768647483.366129,1.9557340000000003
768647485.143959,1.704124
768647485.156573,1.726506
768647486.946322,1.722972
768647486.947189,1.7364089999999999
768647488.6999509,1.6886970000000001
768647488.7120941,1.7026210000000002
768647490.467036,1.703628
768647490.467367,1.691364
768647492.09161,1.559657
768647492.098932,1.568192
768647493.854721,1.687952
768647493.854771,1.695429
768647495.595234,1.6772259999999999
768647495.6115019,1.692712
768647497.5372131,1.878347
768647497.549151,1.873059
768647499.207893,1.61119
768647499.208344,1.599472
768647501.074383,1.803986
768647501.075309,1.80338
768647502.904382,1.7712489999999999
768647502.916605,1.784917
768647504.8912799,1.900181
768647504.900457,1.9210550000000002
768647506.4931849,1.541997
768647506.497666,1.536646
768647508.3509569,1.789538
768647508.3512831,1.800874
768647510.088424,1.672872
768647510.088955,1.67445
768647511.883194,1.731854
768647511.894415,1.741185
768647513.684765,1.726872
768647513.68485,1.738313
768647515.434635,1.683526
768647515.4465129,1.693845
768647517.4195681,1.92136
768647517.43099,1.920764
768647519.225674,1.7394509999999999
768647519.22578,1.7282490000000001
768647521.062572,1.774207
768647521.074941,1.784616
768647522.895105,1.753584
768647522.906046,1.777229
768647524.6948221,1.736013
768647524.6966959,1.727007
768647526.528973,1.7678019999999999
768647526.529434,1.7711649999999999
768647528.327417,1.735762
768647528.33943,1.746046
768647530.007274,1.601701
768647530.007625,1.613823
768647531.727204,1.656387
768647531.7386061,1.666552
768647533.560472,1.758278
768647533.560781,1.7702149999999999
768647535.2702811,1.654943
768647535.270787,1.655121
768647537.1055,1.771068
768647537.115459,1.782634
768647538.956495,1.796047
768647538.956599,1.786051
768647540.786505,1.778017
768647540.796304,1.787315
768647542.5862759,1.744612
768647542.588526,1.737511
768647544.3051671,1.6671719999999999
768647544.3542271,1.694237
768647546.117243,1.699793
768647546.117378,1.755118
768647548.030328,1.849177
768647548.042922,1.86145
768647549.748545,1.6372579999999999
768647549.74856,1.649952
768647551.5542101,1.742669
768647551.554496,1.7414100000000001
768647553.234473,1.616871
768647553.2453481,1.627114
768647555.063057,1.7510679999999998
768647555.063578,1.762064
768647556.796443,1.669513
768647556.801175,1.674479
768647558.616499,1.759804
768647558.61694,1.736857
768647560.381949,1.708156
768647560.381964,1.707505
768647562.240227,1.7942069999999999
768647562.240912,1.79512
768647564.144918,1.8478970000000001
768647564.148205,1.849732
768647566.118996,1.907607
768647566.1197821,1.904787
768647567.944497,1.768085
768647567.945218,1.768709
768647569.750229,1.70293
768647569.7602401,1.717504
768647571.607974,1.798103
768647571.619941,1.799593
768647573.435545,1.764184
768647573.446375,1.762726
768647575.265622,1.752667
768647575.266028,1.763593
768647577.237851,1.907653
768647577.249859,1.9090019999999999
768647578.987716,1.6711619999999998
768647578.999734,1.6953230000000001
768647580.720361,1.656823
768647580.732455,1.68118
768647582.4673151,1.6713330000000002
768647582.478867,1.695088
768647584.201484,1.670606
768647584.203067,1.660096
768647585.993186,1.7058030000000002
768647585.993387,1.725714
768647588.034315,1.9768189999999999
768647588.050227,1.9934530000000001
768647589.91508,1.796895
768647589.927023,1.82488
768647591.790698,1.7999669999999999
768647591.790984,1.8123259999999999
768647593.653116,1.797682
768647593.654008,1.799105
768647595.5718089,1.852128
768647595.5847139,1.863876
768647597.435435,1.7631459999999999
768647597.4357799,1.800042
768647599.1126311,1.611332
768647599.1245481,1.621937
768647600.904845,1.715851
768647600.916587,1.7400479999999998
768647603.534724,2.563706
768647603.534814,2.5513570000000003
768647605.375181,1.777631
768647605.387439,1.7885710000000001
768647607.206216,1.764695
768647607.206236,1.752432
768647609.044086,1.773881
768647609.0554429,1.785568
768647610.826678,1.716723
768647610.8380489,1.7164929999999998
768647612.482574,1.592359
768647612.4950279,1.593531
768647614.1213859,1.57159
768647614.121772,1.560058
768647615.8241409,1.639052
768647615.824357,1.6386319999999999
768647617.690292,1.802032
768647617.701784,1.8145310000000001
768647619.4767381,1.7199209999999998
768647619.503121,1.734937
768647621.204462,1.6438430000000002
768647621.217788,1.667623
768647623.072197,1.788125
768647623.082818,1.812193
768647624.846191,1.716941
768647624.8511441,1.711309
768647626.609334,1.7031189999999998
768647626.609404,1.691118
768647628.361395,1.688126
768647628.3947769,1.7214
768647630.115926,1.682371
768647630.115956,1.663839
768647631.892774,1.712884
768647631.904987,1.725964
768647633.649876,1.681516
768647633.661453,1.693168
768647635.632764,1.916719
768647635.6453329,1.916994
768647637.497918,1.789132
768647637.498008,1.8017910000000001
768647639.3749839,1.8099450000000001
768647639.37514,1.810482
768647641.172846,1.733798
768647641.1848091,1.745485
768647643.1498209,1.8982459999999999
768647643.162005,1.922553
768647644.96767,1.754497
768647644.979688,1.7548920000000001
768647646.820846,1.7866609999999998
768647646.8325231,1.785664
768647648.741945,1.845904
768647648.754815,1.870401
768647650.7202669,1.90234
768647650.7205881,1.9154309999999999
768647652.42164,1.6372229999999999
768647652.433207,1.6488500000000001
768647654.200249,1.700386
768647654.200436,1.712406
768647656.121201,1.868202
768647656.124273,1.8715680000000001
768647657.9757601,1.784211
768647657.987106,1.7756049999999999
768647659.7359741,1.677504
768647659.7361649,1.6873159999999998
768647661.7468071,1.942689
768647661.759246,1.9530299999999998
768647663.651659,1.838481
768647663.651847,1.8259960000000002
768647665.423861,1.704358
768647665.4352471,1.730447
768647667.222872,1.72114
768647667.2324901,1.742298
768647668.9550301,1.670443
768647668.9665921,1.691504
768647670.82926,1.796214
768647670.830127,1.808552
768647672.751392,1.8590799999999998
768647672.751452,1.857607
768647674.534901,1.720277
768647674.535322,1.719731
768647676.257584,1.6590140000000002
768647676.269361,1.6700599999999999
768647678.123354,1.787056
768647678.135452,1.811589
768647679.9578459,1.77097
768647679.958392,1.758936
768647681.642294,1.590529
768647681.688938,1.6406859999999999
768647683.489055,1.780817
768647683.5004519,1.744959
768647685.235803,1.682914
768647685.246894,1.682734
768647687.0760591,1.773721
768647687.087435,1.77359
768647688.825228,1.6736069999999998
768647688.826004,1.686302
768647690.677827,1.786716
768647690.690101,1.797156
768647692.565704,1.824459
768647692.565889,1.81198
768647694.3133191,1.684393
768647694.3251569,1.6952930000000002
768647696.054028,1.665284
768647696.0580521,1.681145
768647697.821118,1.699683
768647697.833322,1.707417
768647699.562364,1.67704
768647699.562759,1.666105
768647701.374063,1.74753
768647701.3744789,1.748868
768647703.207182,1.7654070000000002
768647703.207879,1.767711
768647705.1165711,1.8458109999999999
768647705.1271429,1.8558139999999999
768647706.9585141,1.782003
768647706.958669,1.771359
768647708.797451,1.7752539999999999
768647708.797521,1.774503
768647710.7585391,1.894339
768647710.758551,1.893191
768647712.715626,1.899321
768647712.727334,1.891341
768647714.873868,2.092142
768647714.874349,2.079869
768647716.760842,1.813423
768647716.772194,1.824557
768647718.7009239,1.873351
768647718.710915,1.8719620000000001
768647720.4881331,1.730305
768647720.4992441,1.7307460000000001
768647722.438676,1.872085
768647722.450789,1.895615
768647724.297254,1.795356
768647724.309102,1.795031
768647726.12238,1.7587359999999999
768647726.122756,1.746171
768647728.824252,2.637648
768647728.83619,2.650909
768647731.262501,2.371999
768647731.2625511,2.358729
768647733.6605661,2.334978
768647733.673566,2.347077
768647736.2020999,2.474999
768647736.2023901,2.462736
768647738.577763,2.308237
768647738.5786749,2.310211
768647740.3902689,1.748883
768647740.401917,1.7598939999999998
768647742.1095941,1.6402649999999999
768647742.12095,1.664572
768647743.8387159,1.654428
768647743.838771,1.6658039999999998
768647745.533372,1.631545
768647745.548067,1.6453170000000001
768647747.10193,1.487214
768647747.110851,1.510794
768647748.6516551,1.48576
768647748.662269,1.487785
768647750.3121569,1.593842
768647750.3242201,1.595391
768647752.049317,1.673758
768647752.0663819,1.6790399999999999
768647753.737235,1.621402
768647753.753797,1.6208399999999998
768647755.4483839,1.653665
768647755.4488851,1.631004
768647757.172835,1.6467669999999999
768647757.1853939,1.660679
768647759.004706,1.74443
768647759.005092,1.753652
768647760.747615,1.679597
768647760.759027,1.6902709999999999
768647762.5874051,1.7763220000000002
768647762.598606,1.776307
768647764.314577,1.641378
768647764.326771,1.66696
768647766.1102589,1.729528
768647766.110304,1.716778
768647767.953803,1.779599
768647767.96548,1.7909460000000001
768647769.743371,1.685752
768647769.743872,1.701152
768647771.553652,1.742113
768647771.5536771,1.7440419999999999
768647773.3848219,1.767281
768647773.3971109,1.7801609999999999
768647775.0763321,1.6119590000000001
768647775.0878791,1.613127
768647776.8265021,1.687063
768647776.865083,1.71339
768647778.566751,1.685706
768647778.5667809,1.635504
768647780.308617,1.678113
768647780.320931,1.691364
768647781.927989,1.5562040000000001
768647781.940693,1.556209
768647783.679342,1.68761
768647783.6912899,1.687044
768647785.457178,1.702124
768647785.457333,1.713967
768647787.221523,1.6972440000000002
768647787.237885,1.713721
768647788.885748,1.583834
768647788.897966,1.6191849999999999
768647790.716872,1.735557
768647790.717574,1.765542
768647792.515556,1.734159
768647792.5383029,1.7463870000000001
768647794.2886261,1.693247
768647794.288751,1.7095420000000001
768647796.146517,1.793542
768647796.1502349,1.797918
768647797.895381,1.683111
768647797.911764,1.7007299999999999
768647799.7292141,1.776651
768647799.729717,1.753333
768647801.533041,1.747239
768647801.5496011,1.755554
768647803.237321,1.620965
768647803.237532,1.6450930000000001
768647805.0730519,1.772543
768647805.0852549,1.783734
768647806.921787,1.769676
768647806.93312,1.7934970000000001
768647808.8684859,1.883046
768647808.889857,1.8997490000000001
768647810.6032209,1.6684860000000001
768647810.603562,1.6527759999999998
768647812.295006,1.628132
768647812.339901,1.672154
768647814.1150899,1.7119170000000001
768647814.1267021,1.767537
768647815.9835111,1.793612
768647815.994888,1.815884
768647817.80317,1.729859
768647817.815132,1.7312569999999998
768647819.609021,1.7297879999999999
768647819.620978,1.751554
768647821.41835,1.734109
768647821.430734,1.75825
768647823.2183961,1.7207270000000001
768647823.218729,1.734087
768647824.9732139,1.696632
768647824.98443,1.708177
768647826.807908,1.7567279999999998
768647826.808685,1.744545
768647828.4988179,1.634298
768647828.499299,1.633256
768647830.263111,1.707196
768647830.26364,1.706707
768647832.230891,1.910183
768647832.242799,1.922416
768647834.081543,1.772278
768647834.090588,1.793647
768647835.838107,1.700048
768647835.8381569,1.690523
768647837.7109641,1.808462
768647837.7231871,1.821968
768647839.559309,1.781875
768647839.55977,1.769507
768647841.498896,1.875473
768647841.510859,1.887385
768647843.196645,1.619005
768647843.19697,1.63178
768647844.9228799,1.6620409999999999
768647844.976184,1.715581
768647846.66855,1.626403
768647846.680328,1.691455
768647848.419363,1.6754719999999999
768647848.4307851,1.6988509999999999
768647850.22783,1.724204
768647850.240128,1.7470789999999998
768647852.508732,2.217339
768647852.5210099,2.217875
768647854.7996219,2.213079
768647854.812031,2.2123500000000003
768647857.188977,2.312927
768647857.2005041,2.3367869999999997
768647859.538058,2.2707289999999998
768647859.5498,2.293963
768647861.892342,2.2794090000000002
768647861.90464,2.302819
768647864.1473429,2.176298
768647864.158499,2.198871
768647866.062223,1.8397050000000001
768647866.062233,1.851833
768647867.730092,1.6045619999999998
768647867.74202,1.615969
768647869.5391699,1.733477
768647869.551058,1.757844
768647871.283177,1.677527
768647871.3040761,1.686137
768647873.09415,1.726401
768647873.105847,1.758761
768647874.7712051,1.598287
768647874.782667,1.6216819999999998
768647876.5606279,1.696657
768647876.57223,1.737221
768647878.359733,1.723459
768647878.372167,1.7481669999999998
768647880.297671,1.862112
768647880.309178,1.885857
768647882.0151811,1.639634
768647882.0273091,1.663063
768647883.839485,1.748397
768647883.850911,1.772177
768647885.625108,1.7055760000000002
768647885.636264,1.709278
768647887.4350611,1.731986
768647887.44581,1.754381
768647889.272223,1.7689599999999999
768647889.2823349,1.767906
768647891.082774,1.740384
768647891.0828941,1.7509240000000001
768647892.782262,1.6423189999999999
768647892.7922211,1.6515799999999998
768647894.4736459,1.631689
768647894.485193,1.633062
768647896.17581,1.638962
768647896.176241,1.626984
768647897.896798,1.656919
768647897.909077,1.670786
768647899.670359,1.710283
768647899.673756,1.701157
768647901.582728,1.8489010000000001
768647901.5946001,1.856539
768647903.319332,1.657761
768647903.33109,1.682439
768647905.138662,1.755703
768647905.14828,1.7540019999999998
768647906.950337,1.757497
768647906.950564,1.748314
768647908.7866861,1.784953
768647908.7961121,1.792934
768647910.578143,1.736307
768647910.578178,1.7276559999999999
768647912.367766,1.726924
768647912.36791,1.725835
768647914.204849,1.7855150000000002
768647914.2048689,1.784882
768647915.861625,1.587263
768647915.891387,1.6178489999999999
768647917.6521679,1.738572
768647917.652223,1.68635
768647919.441701,1.7223410000000001
768647919.4536631,1.735141
768647921.2176371,1.7120270000000002
768647921.229424,1.7121529999999998
768647923.10832,1.8118349999999999
768647923.121205,1.8375299999999999
768647924.817094,1.6453520000000001
768647924.8292279,1.643788
768647926.661319,1.765782
768647926.6617,1.7781559999999998
768647928.539729,1.81428
768647928.551466,1.826128
768647930.2591491,1.6437380000000001
768647930.2599051,1.656267
768647932.215075,1.8923690000000002
768647932.24654,1.92265
768647933.924395,1.64954
768647933.924675,1.618417
768647935.698897,1.710093
768647935.710935,1.7223760000000001
768647937.572351,1.810359
768647937.572764,1.798577
768647939.3440601,1.7124149999999998
768647939.37118,1.737846
768647941.2865961,1.885603
768647941.298579,1.8538759999999999
768647943.066136,1.677687
768647943.077798,1.724957
768647944.871445,1.73021
768647944.883614,1.754135
768647946.714603,1.7769089999999998
768647946.715385,1.7646549999999999
768647948.7220479,1.943246
768647948.722429,1.943527
768647950.518462,1.7330869999999998
768647950.522321,1.735913
768647952.201311,1.620198
768647952.25035,1.664061
768647954.025655,1.7092559999999999
768647954.0260061,1.764063
768647955.8254759,1.735622
768647955.8259021,1.736669
768647957.547467,1.6580869999999999
768647957.559164,1.669183
768647959.353192,1.727487
768647959.378273,1.764147
768647961.151789,1.7413319999999999
768647961.1708391,1.735345
768647962.963432,1.732392
768647962.9740449,1.762397
768647964.7959831,1.7753370000000002
768647964.807124,1.7764280000000001
768647966.545477,1.6718790000000001
768647966.5462791,1.683897
768647968.469233,1.859893
768647968.470183,1.860809
768647970.2072101,1.67983
768647970.22409,1.698225
768647971.892906,1.628677
768647971.904538,1.605523
768647973.732566,1.776171
768647973.733117,1.764996
768647975.761426,1.9621439999999999
768647975.761601,1.961749
768647978.60349,2.778487
768647978.615889,2.791281
768647980.979193,2.295897
768647980.99044,2.320264
768647983.3211379,2.264078
768647983.3216641,2.2760860000000003
768647985.722385,2.3372129999999998
768647985.7341471,2.348865
768647987.942185,2.141292
768647987.9423801,2.153776
768647989.741595,1.712463
768647989.741706,1.713761
768647991.6101421,1.8056649999999999
768647991.610508,1.804899
768647993.422042,1.7488029999999999
768647993.433679,1.759368
768647995.0426509,1.55439
768647995.077402,1.5771229999999998
768647996.815991,1.709827
768647996.827443,1.669257
768647998.5542539,1.671833
768647998.5651549,1.671669
768648000.379891,1.761938
768648000.391047,1.762389
768648002.194888,1.740383
768648002.208004,1.764704
768648003.905206,1.6471660000000001
768648003.9179909,1.6461489999999999
768648005.769498,1.78823
768648005.7808399,1.7887160000000002
768648007.5337969,1.6981050000000002
768648007.544788,1.697533
768648009.3230289,1.725293
768648009.334676,1.726501
768648011.018217,1.6290989999999999
768648011.0295631,1.628247
768648012.726054,1.633389
768648012.738443,1.6569340000000001
768648014.644204,1.842768
768648014.6733999,1.859696
768648016.32471,1.622836
768648016.336758,1.590819
768648018.125808,1.7224709999999999
768648018.126229,1.711089
768648019.870673,1.686043
768648019.8711579,1.687122
768648021.643744,1.716031
768648021.644165,1.715253
768648023.477399,1.7726549999999999
768648023.4905651,1.786535
768648025.363657,1.82291
768648025.376066,1.821898
768648027.315333,1.8851849999999999
768648027.315899,1.872371
768648029.172693,1.793397
768648029.185458,1.806628
768648031.11433,1.875583
768648031.114856,1.8630090000000001
768648032.91789,1.7394859999999999
768648032.930901,1.7528629999999998
768648034.605775,1.622145
768648034.623092,1.625291
768648036.521595,1.858719
768648036.532785,1.846392
768648038.294071,1.7126730000000001
768648038.306876,1.714303
768648040.104828,1.734484
768648040.105585,1.7478660000000001
768648041.8771961,1.706054
768648041.887472,1.714847
768648043.53641,1.60262
768648043.547696,1.6029060000000002
768648045.30535,1.693635
768648045.305846,1.7056980000000002
768648047.113295,1.740423
768648047.123339,1.751991
768648048.848737,1.672515
768648048.859918,1.672871
768648050.56731,1.641338
768648050.567826,1.652068
768648052.2828311,1.651592
768648052.3226589,1.690928
768648054.120205,1.733994
768648054.132509,1.785684
768648055.9456071,1.761984
768648055.958291,1.761949
768648057.6802319,1.647447
768648057.681124,1.60779
768648059.4873501,1.740969
768648059.488363,1.740734
768648061.2905099,1.738366
768648061.300305,1.749497
768648063.0577561,1.6975770000000001
768648063.070315,1.720088
768648064.846301,1.71239
768648064.8762211,1.754612
768648066.6656029,1.729852
768648066.677686,1.771831
768648068.3911669,1.649967
768648068.402543,1.6735579999999999
768648070.166085,1.711726
768648070.176905,1.711245
768648071.972928,1.731949
768648071.985753,1.755859
768648073.748128,1.6849239999999999
768648073.761008,1.6818309999999999
768648075.6083101,1.793902
768648075.6208739,1.793141
768648077.661732,1.9771950000000003
768648077.673028,2.0011400000000004
768648079.308352,1.5798349999999999
768648079.3192819,1.579674
768648081.251377,1.8687669999999998
768648081.2634851,1.891776
768648082.9031141,1.595149
768648082.931104,1.610355
768648084.591927,1.580421
768648084.615106,1.654923
768648086.284956,1.577272
768648086.287498,1.629639
768648087.998295,1.656581
768648088.058045,1.713358
768648089.7128791,1.614588
768648089.724803,1.60436
768648091.419889,1.650306
768648091.436828,1.654857
768648093.1974239,1.720222
768648093.214774,1.714067
768648094.870224,1.6135050000000002
768648094.883625,1.602582
768648096.592741,1.658949
768648096.605295,1.6581320000000002
768648098.32726,1.65543
768648098.327461,1.66804
768648100.12497,1.722578
768648100.15202,1.761733
768648102.329051,2.110522
768648102.345183,2.160714
768648104.663893,2.2549319999999997
768648104.675961,2.2894460000000003
768648106.983019,2.252672
768648106.984147,2.241448
768648109.296638,2.255519
768648109.32379,2.277143
768648111.384655,1.994731
768648111.3967129,2.040385
768648113.202058,1.753749
768648113.222002,1.752726
768648114.888145,1.606985
768648114.9040921,1.635735
768648116.533332,1.588046
768648116.544663,1.5766980000000002
768648118.136892,1.503873
768648118.1497769,1.5530920000000001
768648119.851079,1.650519
768648119.851941,1.638867
768648121.651678,1.735623
768648121.6629289,1.748532
768648123.1976479,1.4679389999999999
768648123.210679,1.492836
768648124.9359671,1.6754120000000001
768648124.948576,1.674034
768648126.719014,1.7163320000000002
768648126.7314031,1.716032
768648128.582344,1.799826
768648128.594542,1.7994109999999999
768648130.372758,1.711392
768648130.383239,1.7350340000000002
768648132.167388,1.7271210000000001
768648132.177406,1.747858
768648134.047702,1.813809
768648134.0608879,1.800319
768648135.885412,1.7734809999999999
768648135.8985679,1.774131
768648137.6683509,1.706205
768648137.69773,1.748938
768648139.493566,1.736053
768648139.531633,1.8001989999999999
768648141.2965089,1.707762
768648141.3074651,1.7571080000000001
768648143.278319,1.904941
768648143.2905179,1.927339
768648145.121302,1.7669949999999999
768648145.1327031,1.7905950000000002
768648147.0184001,1.822685
768648147.0198079,1.835395
768648148.815941,1.734515
768648148.82836,1.744237
768648151.1335341,2.251117
768648151.1346561,2.238994
768648152.897973,1.700872
768648152.910723,1.712443
768648154.829586,1.852349
768648154.831897,1.86764
768648156.712431,1.819788
768648156.725587,1.830213
768648158.678761,1.886584
768648158.679142,1.9001510000000001
768648160.713986,1.9709459999999999
768648160.726004,1.98366
768648162.5543419,1.774507
768648162.554983,1.761868
768648164.3987571,1.779183
768648164.410109,1.792414
768648166.12598,1.6495419999999998
768648166.1379579,1.6719840000000001
768648168.054802,1.8532259999999998
768648168.057799,1.868096
768648169.771415,1.648765
768648169.77144,1.6457279999999999
768648171.648005,1.812391
768648171.6481711,1.7901639999999999
768648173.492857,1.781194
768648173.5045041,1.792233
768648175.267139,1.707778
768648175.279503,1.708774
768648177.0640589,1.733743
768648177.064615,1.7215500000000001
768648178.835946,1.705618
768648178.835951,1.7045949999999999
768648180.592542,1.692678
768648180.603758,1.7047150000000002
768648182.446872,1.791661
768648182.447077,1.7802
768648184.152739,1.649424
768648184.153772,1.6492799999999999
768648185.970479,1.751286
768648185.981059,1.760722
768648187.8142871,1.786994
768648187.815359,1.776854
768648189.633429,1.754551
768648189.646223,1.769476
768648191.506027,1.793048
768648191.5146071,1.8149240000000002
768648193.438856,1.875475
768648193.449556,1.877821
768648195.117992,1.601815
768648195.130706,1.62527
768648196.947773,1.753925
768648196.957776,1.756676
768648198.7375209,1.713315
768648198.7393811,1.7227519999999998
768648200.557645,1.756651
768648200.571322,1.7679930000000001
768648202.41488,1.779885
768648202.414976,1.7936429999999999
768648204.2602279,1.781544
768648204.27158,1.7929
768648206.068154,1.728921
768648206.06857,1.740934
768648208.063501,1.930907
768648208.0700461,1.9377280000000001
768648209.736241,1.605614
768648209.7363269,1.599004
768648211.4538571,1.653571
768648211.454453,1.65496
768648213.197688,1.6788750000000001
768648213.1980339,1.6806539999999999
768648215.0064499,1.741245
768648215.007548,1.7437259999999999
768648216.950112,1.87859
768648216.961639,1.8920320000000002
768648218.841161,1.812767
768648218.841452,1.825105
768648220.800912,1.895509
768648220.801914,1.897405
768648222.4762169,1.618092
768648222.476918,1.617607
768648224.3028909,1.759283
768648224.314759,1.775289
768648226.024054,1.6421949999999998
768648226.024621,1.654733
768648228.582348,2.481529
768648228.587274,2.486585
768648230.8981681,2.232351
768648230.899302,2.257002
768648233.219434,2.243517
768648233.220284,2.26352
768648235.529542,2.248756
768648235.541615,2.262717
768648237.908798,2.3029539999999997
768648237.909114,2.315934
768648239.6802281,1.704073
768648239.692778,1.716819
768648241.484596,1.737803
768648241.4854081,1.728937
768648243.245217,1.694406
768648243.2455931,1.692528
768648244.981611,1.671849
768648244.981696,1.672881
768648246.7509971,1.702189
768648246.751794,1.7035520000000002
768648248.490914,1.674916
768648248.522678,1.708208
768648250.097245,1.508288
768648250.098438,1.540798
768648251.687609,1.52655
768648251.699687,1.537035
768648253.3043741,1.5410490000000001
768648253.31574,1.564398
768648255.134175,1.752025
768648255.134431,1.763688
768648256.911169,1.712639
768648256.922751,1.7247569999999999
768648258.7822369,1.8050080000000002
768648258.782657,1.7933059999999998
768648260.5591049,1.71283
768648260.559902,1.713295
768648262.3046451,1.682123
768648262.305136,1.681201
768648264.039222,1.6565079999999999
768648264.062724,1.679942
768648265.835949,1.706043
768648265.8368161,1.735614
768648267.699572,1.799721
768648267.711123,1.811546
768648269.540777,1.7839340000000001
768648269.5410179,1.772681
768648271.3476249,1.739235
768648271.348167,1.740533
768648273.2349609,1.823472
768648273.2463269,1.834387
768648274.939757,1.626904
768648274.940243,1.638772
768648276.7334291,1.729789
768648276.733585,1.730104
768648278.549269,1.75192
768648278.56065,1.762696
768648280.535445,1.911081
768648280.547483,1.934717
768648282.379174,1.764805
768648282.390605,1.789117
768648284.392523,1.9498460000000002
768648284.403999,1.950001
768648286.142042,1.6711770000000001
768648286.142668,1.683796
768648288.147578,1.941141
768648288.152424,1.9224269999999999
768648289.92635,1.7118369999999998
768648289.927067,1.707376
768648291.75317,1.762555
768648291.765549,1.774959
768648293.567866,1.750517
768648293.568397,1.7177449999999999
768648295.526342,1.891891
768648295.5615491,1.925935
768648297.388925,1.799356
768648297.400071,1.774593
768648299.2169371,1.74975
768648299.229121,1.774112
768648301.049034,1.756295
768648301.060391,1.779709
768648302.8950579,1.767832
768648302.922489,1.8070149999999998
768648304.715581,1.7355980000000002
768648304.725561,1.7573370000000001
768648306.5597631,1.786869
768648306.571245,1.788182
768648308.2921281,1.657809
768648308.303489,1.657705
768648310.084597,1.714603
768648310.096325,1.738225
768648311.894928,1.753171
768648311.906976,1.75306
768648313.624657,1.6662759999999999
768648313.63672,1.666131
768648315.619919,1.929072
768648315.632257,1.928145
768648317.488165,1.803841
768648317.500919,1.805044
768648319.196904,1.6424
768648319.209378,1.641498
768648320.93188,1.658984
768648320.943457,1.6831800000000001
768648322.853635,1.855396
768648322.864476,1.854183
768648324.798615,1.881833
768648324.809901,1.8812309999999999
768648326.513278,1.6358300000000001
768648326.525572,1.659846
768648328.3058879,1.716868
768648328.317114,1.740087
768648330.1581919,1.788475
768648330.169624,1.788761
768648331.9411999,1.7076470000000001
768648331.953614,1.732074
768648333.645825,1.6139539999999999
768648333.65875,1.607353
768648335.5174481,1.791497
768648335.52888,1.816511
768648337.4179239,1.825236
768648337.429832,1.848981
768648339.304393,1.820089
768648339.317534,1.820435
768648341.1926609,1.811394
768648341.203893,1.8354000000000001
768648342.949989,1.679386
768648342.9506459,1.690878
768648344.772463,1.758611
768648344.784687,1.769381
768648346.598075,1.7594480000000001
768648346.6104391,1.7588409999999999
768648348.354285,1.6803530000000002
768648348.365832,1.68092
768648350.176419,1.7582550000000001
768648350.188191,1.7586760000000001
768648352.348883,2.108751
768648352.359969,2.107864
768648354.7774739,2.350484
768648354.790675,2.375442
768648356.790748,1.949641
768648356.803142,1.94923
768648358.64239,1.784977
768648358.6508,1.781068
768648360.3606349,1.636436
768648360.406109,1.689438
768648361.995429,1.581631
768648362.006946,1.5411240000000002
768648363.680764,1.621672
768648363.692512,1.621386
768648365.504918,1.748281
768648365.5059351,1.761688
768648367.256477,1.68519
768648367.257058,1.684077
768648369.0817679,1.760576
768648369.0940361,1.773069
768648370.937029,1.7886499999999999
768648370.937089,1.7756409999999998
768648372.706209,1.7050310000000002
768648372.718773,1.718322
768648374.6329819,1.847298
768648374.6445091,1.8711929999999999
768648376.580272,1.8835970000000002
768648376.581425,1.873133
768648378.484412,1.836868
768648378.495718,1.847257
768648380.284915,1.7366300000000001
768648380.296828,1.737307
768648382.231478,1.8683210000000001
768648382.2319499,1.8804290000000001
768648384.1249729,1.829045
768648384.126477,1.83094
768648385.8377169,1.6464699999999999
768648385.84984,1.656392
768648387.6400601,1.73905
768648387.6529651,1.739095
768648389.3989459,1.681531
768648389.399091,1.695263
768648391.1957,1.728831
768648391.208205,1.743149
768648393.00323,1.743566
768648393.015784,1.743706
768648394.806981,1.737768
768648394.8194801,1.73675
768648396.497959,1.62743
768648396.5096459,1.626448
768648398.38974,1.825075
768648398.39,1.8138640000000001
768648400.151989,1.697694
768648400.155377,1.701704
768648401.893399,1.647321
768648401.89368,1.656663
768648403.680246,1.723344
768648403.691437,1.7336280000000002
768648405.587618,1.832273
768648405.5885409,1.8452169999999999
768648407.323594,1.666806
768648407.3538619,1.6978600000000001
768648409.179615,1.761993
768648409.190695,1.814127
768648410.894233,1.62742
768648410.895205,1.637831
768648412.621398,1.664048
768648412.631811,1.672247
768648414.1893461,1.5156340000000001
768648414.1898229,1.505899
768648416.0263801,1.783698
768648416.028922,1.787936
768648417.6444639,1.55829
768648417.6452249,1.562118
768648419.4568601,1.74793
768648419.4770371,1.768599
768648421.291116,1.750672
768648421.305004,1.7842660000000001
768648423.0881209,1.716728
768648423.099769,1.7425380000000001
768648424.9053689,1.754316
768648424.91672,1.753444
768648426.752861,1.769341
768648426.765731,1.793502
768648428.73384,1.904456
768648428.744765,1.9288720000000001
768648430.563892,1.764956
768648430.574687,1.766529
768648432.306961,1.679271
768648432.317862,1.679326
768648434.135834,1.751472
768648434.1472119,1.7739660000000002
768648435.973022,1.7800470000000002
768648435.977439,1.772625
768648437.919057,1.849921
768648437.92906,1.87272
768648439.745114,1.76572
768648439.7562,1.766387
768648441.690287,1.871262
768648441.700728,1.870533
768648443.58075,1.819926
768648443.592085,1.84209
768648445.459375,1.821079
768648445.487431,1.838514
768648447.161803,1.6425960000000002
768648447.162153,1.614639
768648449.068403,1.831904
768648449.079945,1.8426740000000001
768648451.030037,1.883261
768648451.030924,1.895961
768648452.9360111,1.842281
768648452.947502,1.852193
768648454.745299,1.745716
768648454.758019,1.747565
768648456.5859561,1.776828
768648456.598565,1.777058
768648458.2317741,1.579574
768648458.2442579,1.578932
768648459.901067,1.6058089999999998
768648459.901408,1.593696
768648461.631361,1.642295
768648461.632083,1.6674330000000002
768648463.487158,1.789517
768648463.487599,1.788034
768648465.43098,1.879953
768648465.4433041,1.8924320000000001
768648467.268595,1.770859
768648467.281124,1.770794
768648469.199803,1.867153
768648469.212633,1.86787
768648471.091017,1.8248900000000001
768648471.091694,1.811975
768648472.940885,1.785022
768648472.953004,1.7976960000000002
768648474.905691,1.885937
768648474.9174341,1.910043
768648476.8762261,1.8948120000000002
768648476.8891261,1.919766
768648479.3199071,2.377005
768648479.332055,2.3755830000000002
768648481.6567739,2.273044
768648481.669018,2.273355
768648483.979735,2.256672
768648483.99255,2.2565459999999997
768648486.351348,2.2840439999999997
768648486.363371,2.281744
768648488.3427709,1.925429
768648488.3547591,1.924668
768648490.2954689,1.886268
768648490.2957851,1.874114
768648492.156212,1.797235
768648492.1581271,1.798288
768648493.766788,1.5414400000000001
768648493.778911,1.555933
768648495.559604,1.729457
768648495.5610069,1.7188080000000001
768648497.171929,1.548391
768648497.184192,1.559091
768648498.947704,1.7093360000000002
768648498.960429,1.709081
768648500.8291811,1.805229
768648500.840317,1.82894
768648502.7198089,1.8126769999999999
768648502.720927,1.824869
768648504.633844,1.8509579999999999
768648504.644873,1.842994
768648506.558833,1.867191
768648506.5753931,1.872582
768648508.394666,1.744358
768648508.404662,1.788484
768648510.176666,1.7103000000000002
768648510.177452,1.723042
768648511.865659,1.625741
768648511.885256,1.6439519999999999
768648513.7105011,1.780938
768648513.7109771,1.768472
768648515.471825,1.681187
768648515.4724231,1.6836380000000002
768648517.146479,1.616064
768648517.158221,1.62912
768648518.946105,1.721099
768648518.94632,1.709241
768648520.709467,1.68337
768648520.720618,1.710508
768648522.521682,1.73448
768648522.522624,1.746472
768648524.6608089,2.075624
768648524.661345,2.0744409999999998
768648526.562778,1.835414
768648526.56352,1.834076
768648528.540324,1.913502
768648528.55129,1.9242860000000002
768648530.509866,1.903057
768648530.520671,1.90198
768648532.29768,1.724962
768648532.309201,1.724506
768648533.965867,1.589949
768648533.9661269,1.601317
768648535.784979,1.76127
768648535.802091,1.778366
768648537.537024,1.6604530000000002
768648537.541086,1.698553
768648539.360677,1.763473
768648539.369766,1.749807
768648541.245316,1.827149
768648541.2497181,1.8222990000000001
768648543.072144,1.766351
768648543.082188,1.754025
768648544.784699,1.655951
768648544.811303,1.672016
768648546.7318311,1.853942
768648546.732242,1.888037
768648548.532765,1.737342
768648548.543906,1.747881
768648550.340655,1.7447030000000001
768648550.351911,1.744483
768648552.033007,1.628898
768648552.0467889,1.631014
768648553.9279851,1.813053
768648553.9290781,1.827557
768648555.6730001,1.680764
768648555.68593,1.6937849999999999
768648557.330124,1.593276
768648557.3305551,1.581002
768648559.063666,1.6658899999999999
768648559.063867,1.666637
768648560.712401,1.572103
768648560.7242041,1.5848229999999999
768648562.3869311,1.595857
768648562.3904591,1.6115979999999999
768648564.179447,1.725566
768648564.1983471,1.7485650000000001
768648565.870501,1.631203
768648565.8706731,1.612222
768648567.506637,1.5792519999999999
768648567.5096899,1.58121
768648569.441313,1.877759
768648569.451465,1.884104
768648571.19963,1.698766
768648571.2161131,1.705075
768648573.023994,1.766959
768648573.0347841,1.7544959999999998
768648574.9000981,1.798133
768648574.9012309,1.8107069999999998
768648576.6999799,1.7194
768648576.7000849,1.735537
768648578.4836539,1.696571
768648578.483925,1.720502
768648580.2465351,1.698485
768648580.257706,1.709526
768648582.056014,1.731472
768648582.0564351,1.742929
768648583.767875,1.647351
768648583.7790409,1.659179
768648585.603556,1.761217
768648585.6047591,1.773471
768648587.415722,1.745636
768648587.416128,1.743922
768648589.238633,1.7587810000000001
768648589.25058,1.770649
768648590.933129,1.615443
768648590.933946,1.628633
768648592.70907,1.712443
768648592.7092,1.711325
768648594.6226059,1.849753
768648594.622707,1.849828
768648596.400282,1.71332
768648596.416113,1.729999
768648598.2549161,1.7721779999999998
768648598.267628,1.8015450000000002
768648600.068043,1.742251
768648600.074047,1.755553
768648601.836171,1.6891040000000002
768648601.848259,1.701567
768648604.1333691,2.221434
768648604.148872,2.249278
768648606.4814751,2.269334
768648606.482056,2.266098
768648608.55307,2.007793
768648608.553571,2.007881
768648610.278002,1.6581409999999999
768648610.2791641,1.6670610000000001
768648612.028143,1.684989
768648612.029065,1.6875149999999999
768648613.738115,1.638797
768648613.751281,1.653621
768648615.319383,1.5174990000000002
768648615.319879,1.505246
768648617.105242,1.722191
768648617.116789,1.732971
768648618.824855,1.6416650000000002
768648618.842287,1.670365
768648620.682423,1.800415
768648620.694526,1.78833
768648622.40943,1.66382
768648622.410131,1.6523480000000001
768648624.341434,1.866687
768648624.35152,1.8678499999999998
768648626.083782,1.672592
768648626.0847039,1.6761739999999998
768648627.838995,1.690558
768648627.848969,1.6908299999999998
768648629.651566,1.745323
768648629.651677,1.74927
768648631.405006,1.6622460000000001
768648631.4162921,1.696788
768648633.081555,1.601846
768648633.093809,1.625206
768648634.753058,1.605474
768648634.754101,1.593426
768648636.434143,1.615768
768648636.434589,1.616464
768648638.205499,1.7072910000000001
768648638.206205,1.708118
768648639.8744019,1.60483
768648639.8957059,1.626819
768648641.67543,1.7437710000000002
768648641.7015561,1.7488169999999998
768648643.577535,1.8259800000000002
768648643.589823,1.827334
768648645.438358,1.774316
768648645.449625,1.797297
768648647.299929,1.783765
768648647.3011069,1.796108
768648649.494918,2.119933
768648649.5073429,2.130855
768648651.460769,1.905754
768648651.473253,1.9050740000000002
768648653.276628,1.751935
768648653.288872,1.7519600000000002
768648655.239339,1.896111
768648655.261616,1.905929
768648657.104378,1.800924
768648657.116802,1.7913569999999999
768648658.971661,1.7878029999999998
768648658.983349,1.8122150000000001
768648660.803648,1.7564659999999999
768648660.815912,1.781113
768648662.743451,1.873418
768648662.755865,1.873207
768648664.5997889,1.793016
768648664.6132699,1.793823
768648666.511521,1.844777
768648666.5237451,1.843272
768648668.212518,1.6247989999999999
768648668.213565,1.63818
768648670.195606,1.9147649999999998
768648670.196518,1.917671
768648672.1250299,1.8657750000000002
768648672.128493,1.867554
768648674.099313,1.9077840000000001
768648674.10017,1.9048120000000002
768648675.7792809,1.615989
768648675.791975,1.627967
768648677.5359321,1.692572
768648677.548546,1.693414
768648679.337528,1.721453
768648679.354076,1.726035
768648681.1052489,1.7108329999999998
768648681.12034,1.702676
768648682.75044,1.585452
768648682.751154,1.564106
768648684.4626321,1.655031
768648684.463494,1.654782
768648686.237197,1.716158
768648686.248348,1.7286650000000001
768648687.8558321,1.5436969999999999
768648687.87227,1.549079
768648689.5975391,1.6848379999999998
768648689.660564,1.7243709999999999
768648691.411713,1.6617
768648691.4243871,1.767392
768648693.06174,1.573865
768648693.073072,1.5976199999999998
768648694.76428,1.624423
768648694.7768251,1.6370580000000001
768648696.6586549,1.8182719999999999
768648696.660021,1.832102
768648698.508664,1.785086
768648698.514519,1.798827
768648700.273621,1.7078060000000002
768648700.28605,1.707421
768648702.070331,1.730087
768648702.0710571,1.717269
768648703.715757,1.5887259999999999
768648703.742866,1.608115
768648705.5430989,1.736961
768648705.554034,1.78119
768648707.329239,1.69862
768648707.332196,1.722387
768648709.07704,1.6808649999999998
768648709.088607,1.702604
768648710.906536,1.750988
768648710.9220151,1.76019
768648712.773665,1.794313
768648712.80003,1.829851
768648714.5292981,1.6631639999999999
768648714.541386,1.707709
768648716.367,1.761778
768648716.373082,1.779971
768648718.11632,1.6925320000000001
768648718.142683,1.705738
768648719.9417379,1.735252
768648719.955946,1.782802
768648721.76326,1.732375
768648721.7757189,1.7326380000000001
768648723.595096,1.765577
768648723.607691,1.7649
768648725.36136,1.702565
768648725.373744,1.7022039999999998
768648727.597006,2.1691420000000003
768648727.609952,2.1700180000000002
768648730.00308,2.330092
768648730.0143261,2.353481
768648732.3289421,2.259102
768648732.340113,2.258815
768648734.6438581,2.239942
768648734.65563,2.263256
768648737.049531,2.3300859999999997
768648737.0613431,2.3543380000000003
768648739.227628,2.09951
768648739.2400221,2.1240870000000003
768648741.0118641,1.707882
768648741.022804,1.731352
768648742.771677,1.693614
768648742.783229,1.693529
768648744.673135,1.8382260000000001
768648744.684943,1.838312
768648746.5818759,1.832948
768648746.582171,1.820845
768648748.3664321,1.7211189999999998
768648748.377342,1.731337
768648750.1481119,1.704369
768648750.159468,1.725404
768648751.995535,1.78392
768648752.0302651,1.807254
768648753.8241379,1.734319
768648753.8367131,1.7379069999999999
768648755.6307809,1.742648
768648755.643525,1.7430539999999999
768648757.43614,1.738554
768648757.448058,1.7405190000000001
768648759.200254,1.697348
768648759.2124519,1.6976490000000002
768648760.974315,1.6983300000000001
768648760.9850099,1.721073
768648762.71335,1.672289
768648762.72585,1.6739229999999998
768648764.526268,1.749494
768648764.5372679,1.747835
768648766.27915,1.678194
768648766.28762,1.698064
768648768.040412,1.698009
768648768.05692,1.705958
768648769.775162,1.636537
768648769.7798231,1.671252
768648771.601285,1.749778
768648771.614014,1.782027
768648773.448848,1.759093
768648773.45851,1.780551
768648775.211869,1.703214
768648775.223405,1.70498
768648777.0975101,1.822174
768648777.108451,1.8211309999999998
768648778.869071,1.6938199999999999
768648778.882207,1.717967
768648780.734767,1.8016320000000001
768648780.7469649,1.801706
768648782.49658,1.686318
768648782.508333,1.710519
768648784.2985669,1.738569
768648784.309759,1.737622
768648786.099156,1.733883
768648786.1106479,1.7343739999999999
768648787.944839,1.769902
768648787.9450699,1.782497
768648789.753351,1.717044
768648789.7537471,1.7211539999999999
768648791.4143339,1.5938219999999998
768648791.426879,1.6063209999999999
768648793.302417,1.811689
768648793.313563,1.8358400000000001
768648795.148561,1.768123
768648795.149288,1.780261
768648797.0185009,1.805831
768648797.029402,1.816305
768648798.900705,1.814781
768648798.9010199,1.804673
768648800.610091,1.645617
768648800.621653,1.656708
768648802.351261,1.665915
768648802.3514861,1.677597
768648804.057915,1.642821
768648804.064195,1.647803
768648805.8075399,1.652684
768648805.8080109,1.681802
768648807.556864,1.6855660000000001
768648807.569358,1.698235
768648809.4122,1.771952
768648809.424353,1.791963
768648811.1293141,1.649888
768648811.141878,1.649456
768648812.960253,1.767331
768648812.9720811,1.76678
768648814.728697,1.689049
768648814.739833,1.7131239999999999
768648816.611206,1.819237
768648816.6252991,1.821578
768648818.463986,1.775099
768648818.47656,1.8020969999999998
768648820.241561,1.7009219999999998
768648820.2522011,1.724496
768648821.9925339,1.673216
768648822.006191,1.698067
768648823.836949,1.77309
768648823.848546,1.792394
768648825.6033131,1.6909729999999998
768648825.62688,1.715371
768648827.565818,1.896442
768648827.578874,1.892207
768648829.4331319,1.803515
768648829.446132,1.792673
768648831.3181571,1.81833
768648831.345189,1.823001
768648833.102067,1.698915
768648833.12054,1.735898
768648834.996785,1.828358
768648835.0081761,1.827606
768648836.9683759,1.908234
768648836.979963,1.907653
768648838.795136,1.748146
768648838.80758,1.7727380000000001
768648840.5892639,1.7176660000000001
768648840.612729,1.753562
768648842.4401901,1.786981
768648842.4629741,1.7929160000000002
768648844.2590361,1.754977
768648844.270307,1.750175
768648845.981934,1.64439
768648845.994117,1.668461
768648847.7722839,1.726927
768648847.7851429,1.726877
768648849.784084,1.9484979999999998
768648849.7968739,1.946122
768648851.665571,1.815423
768648851.665656,1.802533
768648853.854002,2.1244229999999997
768648853.866948,2.138084
768648856.1526611,2.232079
768648856.163486,2.229808
768648858.481119,2.261577
768648858.4816949,2.2512280000000002
768648860.704622,2.159605
768648860.716384,2.171091
768648862.4464691,1.6628770000000002
768648862.458943,1.664762
768648864.1508831,1.640641
768648864.1544709,1.63175
768648865.855618,1.638727
768648865.868603,1.64662
768648867.759372,1.839474
768648867.7724271,1.840296
768648869.56844,1.74548
768648869.581225,1.7451
768648871.226802,1.591366
768648871.2392961,1.591211
768648873.1173849,1.826885
768648873.1289771,1.825747
768648874.927586,1.7439120000000001
768648874.93997,1.743962
768648876.765396,1.761968
768648876.7766321,1.785062
768648878.4756589,1.635314
768648878.47595,1.64656
768648880.3328019,1.793541
768648880.3424851,1.8024090000000001
768648882.147987,1.7457900000000002
768648882.172046,1.77948
768648883.9004661,1.671788
768648883.9047539,1.6929079999999999
768648885.752061,1.783193
768648885.752292,1.7946769999999999
768648887.627544,1.807938
768648887.6380891,1.8192169999999999
768648889.492854,1.8078759999999998
768648889.5035211,1.807934
768648891.3483199,1.795731
768648891.3667771,1.8029549999999999
768648893.220886,1.8151009999999999
768648893.232663,1.808528
768648895.009055,1.709802
768648895.0198951,1.7329610000000002
768648896.8265679,1.7431949999999998
768648896.839142,1.766684
768648898.639204,1.746151
768648898.651197,1.745069
768648900.2790029,1.575835
768648900.291152,1.5762809999999998
768648901.935927,1.593456
768648901.94799,1.5930499999999999
768648903.688328,1.6884569999999999
768648903.700166,1.6886029999999999
768648905.3667669,1.615031
768648905.3793321,1.615672
768648907.104344,1.658217
768648907.115746,1.682593
768648908.8799139,1.711827
768648908.893681,1.714764
768648910.65164,1.687655
768648910.662425,1.7095660000000001
768648912.354733,1.651149
768648912.354953,1.6407559999999999
768648914.0121629,1.593437
768648914.024176,1.60566
768648915.811041,1.723044
768648915.820495,1.744415
768648917.5881569,1.7250709999999998
768648917.588262,1.715713
768648919.344056,1.689881
768648919.355388,1.700109
768648921.08673,1.644349
768648921.0868601,1.6602819999999998
768648922.895427,1.7410800000000002
768648922.896064,1.742568
768648924.654018,1.694842
768648924.665504,1.705627
768648926.656872,1.927494
768648926.670013,1.952598
768648928.545987,1.812336
768648928.557899,1.837574
768648930.306339,1.68205
768648930.3333989,1.720677
768648931.954279,1.590951
768648931.960654,1.5640020000000001
768648933.6690531,1.632257
768648933.6805,1.629675
768648935.274873,1.5466060000000001
768648935.301675,1.555212
768648937.085906,1.754003
768648937.085976,1.720872
768648938.869945,1.7048569999999998
768648938.8903409,1.7375159999999998
768648940.4628451,1.515495
768648940.511844,1.5782859999999999
768648942.140898,1.5623390000000001
768648942.141169,1.611413
768648943.99022,1.785363
768648943.990501,1.7859200000000002
768648945.788964,1.7056669999999998
768648945.801605,1.722377
768648947.496346,1.643693
768648947.496571,1.638075
768648949.2815729,1.7213040000000002
768648949.2980319,1.737848
768648950.966367,1.608891
768648950.9669629,1.619391
768648952.802533,1.771796
768648952.8147581,1.784056
768648954.565487,1.690216
768648954.568817,1.699604
768648956.345344,1.713085
768648956.3564249,1.733798
768648958.127931,1.707852
768648958.128552,1.7195
768648959.800616,1.608456
768648959.800681,1.608381
768648961.622168,1.757182
768648961.622695,1.7584110000000002
768648963.360367,1.67049
768648963.377498,1.6880039999999998
768648965.1618271,1.7272329999999998
768648965.1735641,1.749214
768648966.895981,1.655742
768648966.921748,1.6798430000000002
768648968.6762869,1.7076470000000001
768648968.69061,1.710315
768648970.390068,1.650248
768648970.398342,1.643873
768648972.07619,1.622454
768648972.079548,1.5937869999999998
768648973.897993,1.750642
768648973.90942,1.7658120000000002
768648975.74104,1.767857
768648975.754176,1.7922140000000002
768648978.316925,2.512527
768648978.316975,2.4995019999999997
768648980.728782,2.345097
768648980.740495,2.356338
768648982.977038,2.169873
768648982.9778249,2.182353
768648984.930317,1.889089
768648984.942456,1.900927
768648986.803655,1.79471
768648986.815994,1.819257
768648988.816202,1.936836
768648988.828045,1.9608120000000002
768648990.902757,2.007986
768648990.915161,2.031877
768648992.663753,1.684814
768648992.675986,1.7095310000000001
768648994.7358091,1.9963540000000002
768648994.736625,2.009144
768648996.6174359,1.816917
768648996.6284659,1.8280919999999998
768648998.541291,1.8454030000000001
768648998.541592,1.8570550000000001
768649000.277004,1.672174
768649000.289242,1.6843279999999998
768649001.909952,1.566207
768649001.922115,1.565917
768649003.6841741,1.7108189999999999
768649003.6965771,1.710944
768649005.3381051,1.589893
768649005.349597,1.589442
768649007.14771,1.73171
768649007.171924,1.767137
768649008.859938,1.655072
768649008.870868,1.641957
768649010.55716,1.630723
768649010.5686519,1.6143049999999999
768649012.33492,1.689784
768649012.335081,1.700633
768649014.089772,1.690577
768649014.0898631,1.691674
768649015.8459221,1.69167
768649015.84705,1.693895
768649017.574358,1.664728
768649017.586141,1.675382
768649019.4085801,1.7548469999999998
768649019.420247,1.778953
768649021.17307,1.700766
768649021.184682,1.700461
768649022.836003,1.584215
768649022.836504,1.596994
768649024.649657,1.749395
768649024.6509299,1.750988
768649026.565619,1.852635
768649026.565854,1.850565
768649028.411578,1.7811540000000001
768649028.423716,1.7942690000000001
768649030.122385,1.644757
768649030.122862,1.632496
768649031.7855309,1.610241
768649031.7977691,1.622727
768649033.589056,1.716864
768649033.601415,1.739902
768649035.3860561,1.730606
768649035.386372,1.71782
768649037.069356,1.6197270000000001
768649037.0811241,1.630612
768649038.745214,1.5974249999999999
768649038.746492,1.609824
768649040.459752,1.651005
768649040.459872,1.64899
768649042.130508,1.607594
768649042.130704,1.607022
768649043.856017,1.661093
768649043.856573,1.662943
768649045.568084,1.6487800000000001
768649045.5689759,1.6480329999999999
768649047.285559,1.650755
768649047.28593,1.649467
768649049.006933,1.6580270000000001
768649049.018309,1.668506
768649050.751997,1.667213
768649050.752543,1.678705
768649052.554975,1.7392029999999998
768649052.555216,1.739456
768649054.299504,1.68724
768649054.3170749,1.704935
768649056.0976421,1.7411379999999999
768649056.101621,1.727494
768649057.924091,1.746578
768649057.935447,1.761652
768649059.723968,1.712549
768649059.724746,1.723671
768649061.439854,1.657022
768649061.44041,1.657008
768649063.3425549,1.834833
768649063.355059,1.84877
768649065.3089,1.9024459999999999
768649065.319023,1.900842
768649067.1965259,1.820194
768649067.196987,1.810943
768649069.005028,1.7447439999999999
768649069.016805,1.75617
768649070.887316,1.804056
768649070.900287,1.828403
768649072.703476,1.752492
768649072.715053,1.751254
768649074.395412,1.613507
768649074.395582,1.625666
768649076.2058879,1.746097
768649076.2345151,1.775911
768649077.8998029,1.598678
768649077.900003,1.627209
768649079.668617,1.704675
768649079.668793,1.7056980000000002
768649081.522876,1.79026
768649081.5353,1.803461
768649083.307642,1.7185169999999999
768649083.320207,1.717855
768649085.0387789,1.655075
768649085.04562,1.673978
768649086.817735,1.68892
768649086.8504189,1.713205
768649088.385135,1.516054
768649088.495771,1.588708
768649089.709121,1.2929709999999999
768649089.854419,1.295945
768649090.9297739,1.190557
768649091.434146,1.516049
768649092.23086,1.270998
768649092.672651,1.181888
768649093.709746,1.4191799999999999
768649094.0363389,1.310745
768649095.021634,1.2553880000000002
768649095.41639,1.3323230000000001
768649096.176021,1.1247
768649096.753099,1.290257
768649097.198478,0.99102
768649097.989783,1.188059
768649098.331815,1.103227
768649099.125652,1.090115
768649099.4940721,1.132191
768649100.3211969,1.149669
768649100.641978,1.117834
768649101.518154,1.148457
768649101.756319,1.082816
768649103.668986,1.882143
768649103.676182,2.101328
768649105.978958,2.245595
768649105.979554,2.262728
768649107.852226,1.7947270000000002
768649107.852501,1.7996699999999999
768649109.282182,1.365249
768649109.368662,1.451997
768649110.6339589,1.320045
768649110.716832,1.281886
768649112.1749151,1.477837
768649112.177068,1.396663
768649113.6994131,1.455359
768649113.712123,1.486503
768649115.378178,1.602808
768649115.3894789,1.6266379999999998
768649117.1407479,1.687125
768649117.154269,1.712774
768649118.891559,1.652432
768649118.90028,1.693278
768649120.66678,1.7142940000000002
768649120.6783221,1.734937
768649122.474776,1.73367
768649122.484748,1.734327
768649124.0573101,1.521359
768649124.141103,1.6140729999999999
768649125.556752,1.4679470000000001
768649125.6045511,1.408669
768649126.946248,1.359562
768649126.99428,1.337471
768649128.6421641,1.595728
768649128.642535,1.666029
768649130.293298,1.584483
768649130.394956,1.685456
768649131.742968,1.419785
768649131.803968,1.3305310000000001
768649133.1714569,1.3988180000000001
768649133.245896,1.389496
768649134.676929,1.47461
768649134.6905359,1.377955
768649136.3205531,1.5962669999999999
768649136.4227151,1.668501
768649138.018385,1.666579
768649138.093015,1.580125
768649139.6239971,1.575863
768649139.710101,1.553212
768649140.94629,1.2922660000000001
768649141.471804,1.698045
768649142.092249,1.096404
768649142.8819879,1.343539
768649143.2469561,1.107469
768649144.236473,1.290886
768649144.512301,1.234834
768649145.6808829,1.136898
768649145.7725049,1.469728
768649146.973031,1.262273
768649147.0159919,1.176379
768649148.4163771,1.396128
768649148.489382,1.421029
768649149.908838,1.35229
768649149.9094191,1.461703
768649151.698441,1.725033
768649151.698636,1.7266409999999999
768649153.487407,1.724526
768649153.487668,1.7258449999999999
768649155.200367,1.645913
768649155.200768,1.6469399999999998
768649157.051939,1.7877290000000001
768649157.0525049,1.787613
768649158.730237,1.610641
768649158.730408,1.6122599999999998
768649160.560117,1.7666279999999999
768649160.572573,1.778652
768649162.279153,1.659441
768649162.2795739,1.640712
768649163.976451,1.632663
768649163.989236,1.634576
768649165.6781751,1.596578
768649165.687399,1.595849
768649167.380951,1.633865
768649167.3895249,1.643859
768649169.092395,1.654704
768649169.119264,1.665889
768649170.978714,1.7931110000000001
768649170.991053,1.839444
768649172.954969,1.9126539999999999
768649172.983904,1.9291580000000002
768649174.7985101,1.750948
768649174.803009,1.791068
768649176.586534,1.7262359999999999
768649176.611848,1.750046
768649178.2887241,1.642161
768649178.2887291,1.610576
768649179.964702,1.612977
768649179.9704951,1.617547
768649181.774627,1.719858
768649181.7867199,1.73485
768649183.4984059,1.6214510000000002
768649183.498983,1.658197
768649185.322387,1.760634
768649185.325622,1.76242
768649187.148222,1.7560740000000001
768649187.1598189,1.7772700000000001
768649188.9910029,1.7797049999999999
768649189.009382,1.777267
768649190.7285479,1.66242
768649190.768869,1.7146080000000001
768649192.539544,1.76308
768649192.6194941,1.7865199999999999
768649194.2997459,1.695247
768649194.3285041,1.6425459999999998
768649196.0892401,1.697398
768649196.103483,1.755971
768649197.854025,1.679778
768649197.854401,1.670751
768649199.656533,1.738845
768649199.6772561,1.7468650000000001
768649201.4155619,1.6958520000000001
768649201.464865,1.730304
768649203.057574,1.5916890000000001
768649203.097983,1.556249
768649204.907081,1.801656
768649204.918914,1.757263
768649206.699325,1.726085
768649206.712364,1.7271050000000001
768649208.464973,1.702094
768649208.465343,1.695587
768649210.3049531,1.777039
768649210.305118,1.7738960000000001
768649212.153352,1.784486
768649212.154816,1.786681
768649213.8994061,1.677697
768649213.940039,1.720331
768649215.614558,1.667263
768649215.614964,1.611022
768649217.47037,1.791773
768649217.482313,1.804984
768649219.2405881,1.704319
768649219.241079,1.6914040000000001
768649221.085841,1.7813480000000002
768649221.097122,1.7929059999999999
768649222.902115,1.7377969999999998
768649222.928081,1.7761689999999999
768649224.6384441,1.6732019999999999
768649224.660889,1.6755710000000001
768649226.48091,1.794714
768649226.484155,1.761936
768649228.840225,2.295757
768649228.8612369,2.3197970000000003
768649231.46709,2.559927
768649231.473784,2.553005
768649233.628327,2.096595
768649233.639934,2.123176
768649235.676893,1.969788
768649235.679008,1.9842509999999998
768649237.605199,1.8621320000000001
768649237.607885,1.867925
768649239.532071,1.8633490000000001
768649239.544295,1.872822
768649241.3736401,1.765933
768649241.385152,1.7894020000000002
768649243.1952281,1.743184
768649243.2070949,1.76678
768649245.015551,1.745371
768649245.0647221,1.806376
768649246.627355,1.562383
768649246.668321,1.5375409999999998
768649248.405086,1.7296
768649248.405622,1.6487699999999998
768649250.387082,1.918456
768649250.436001,1.9663150000000003
768649252.2635571,1.828995
768649252.275605,1.7682380000000002
768649254.1189129,1.776648
768649254.118953,1.788866
768649255.822633,1.640376
768649255.8634009,1.680855
768649257.762895,1.836346
768649257.763727,1.89335
768649259.740911,1.909713
768649259.741167,1.911938
768649261.5159861,1.712321
768649261.557096,1.751885
768649263.301243,1.6777330000000001
768649263.301338,1.735518
768649265.15063,1.785303
768649265.160954,1.795642
768649267.048766,1.831966
768649267.0898061,1.8626829999999999
768649268.841509,1.744841
768649268.890881,1.7374020000000001
768649270.627085,1.735714
768649270.65028,1.6824590000000001
768649272.344155,1.653591
768649272.3690649,1.661568
768649273.976928,1.5851089999999999
768649274.00115,1.5753810000000001
768649275.9973631,1.636146
768649275.997964,1.597704
768649277.978331,1.887907
768649277.9789081,1.8859569999999999
768649279.790457,1.749044
768649279.791138,1.748452
768649281.7156249,1.862212
768649281.716277,1.860994
768649283.490123,1.70681
768649283.490749,1.70891
768649285.373003,1.818931
768649285.38463,1.830734
768649287.0888289,1.637419
768649287.0888339,1.637784
768649288.851559,1.698601
768649288.862846,1.710679
768649290.5695701,1.630627
768649290.581017,1.66364
768649292.253595,1.620973
768649292.3043,1.659304
768649293.9301469,1.562249
768649293.9307129,1.619327
768649295.8043721,1.80975
768649295.814776,1.82052
768649297.605361,1.7374260000000001
768649297.6054821,1.702199
768649299.4115529,1.73879
768649299.423085,1.750892
768649301.212016,1.72577
768649301.2235831,1.748482
768649303.095307,1.805175
768649303.107696,1.829717
768649304.8528601,1.6816369999999998
768649304.864668,1.705371
768649306.592396,1.6616199999999999
768649306.603733,1.6842730000000001
768649308.3018631,1.623602
768649308.302133,1.6464800000000002
768649310.0397351,1.674074
768649310.040021,1.665551
768649311.815155,1.710709
768649311.826376,1.722301
768649313.815508,1.936766
768649313.815724,1.926021
768649315.5030539,1.620118
768649315.521198,1.639241
768649317.4160041,1.8223530000000001
768649317.416269,1.849683
768649319.10837,1.625366
768649319.10846,1.625015
768649320.937184,1.765757
768649320.949132,1.776969
768649322.770769,1.766704
768649322.782191,1.766344
768649324.818839,1.973431
768649324.8304859,1.996069
768649326.7070271,1.8212009999999998
768649326.7073619,1.809975
768649328.6414919,1.870025
768649328.6419331,1.870902
768649330.558396,1.853186
768649330.558707,1.852364
768649332.3797029,1.757799
768649332.401754,1.778352
768649334.350478,1.903112
768649334.362716,1.8944070000000002
768649336.198251,1.7712750000000002
768649336.1997089,1.7859239999999998
768649337.975551,1.7088349999999999
768649337.975791,1.7115209999999998
768649339.7819929,1.742714
768649339.7822391,1.743435
768649341.606833,1.760776
768649341.6072891,1.760646
768649343.467862,1.7934620000000001
768649343.468479,1.795386
768649345.299924,1.767582
768649345.311726,1.780747
768649347.0280391,1.66175
768649347.039981,1.661605
768649348.8719231,1.768564
768649348.883695,1.792124
768649350.8269161,1.888564
768649350.8385481,1.878557
768649353.4895669,2.587421
768649353.489978,2.5992390000000003
768649355.833922,2.2783510000000002
768649355.833982,2.2768979999999996
768649358.191257,2.2934919999999996
768649358.191878,2.283691
768649360.317444,2.061982
768649360.329156,2.074081
768649362.131508,1.735432
768649362.144621,1.760337
768649363.903856,1.702297
768649363.915719,1.696185
768649365.667042,1.687375
768649365.679035,1.699109
768649367.6242859,1.890848
768649367.6253431,1.879527
768649369.268705,1.579338
768649369.280458,1.5925939999999998
768649371.1396829,1.79256
768649371.14025,1.8052190000000001
768649373.1519101,1.947802
768649373.163963,1.9606219999999999
768649375.051805,1.836332
768649375.0638081,1.836152
768649376.821066,1.693449
768649376.833074,1.717952
768649378.756108,1.868943
768649378.763623,1.863995
768649380.45827,1.64525
768649380.491084,1.670188
768649382.275857,1.760566
768649382.298127,1.750074
768649383.93454,1.60165
768649383.9514871,1.596208
768649385.623682,1.632117
768649385.635304,1.596894
768649387.433216,1.7316129999999998
768649387.444703,1.7544
768649389.17615,1.667619
768649389.1880031,1.691354
768649390.9140869,1.659425
768649390.926231,1.683541
768649392.800706,1.823346
768649392.8129201,1.8231709999999999
768649394.7320141,1.8680109999999999
768649394.733212,1.855862
768649396.541729,1.746181
768649396.5540019,1.7553379999999998
768649398.3992751,1.791242
768649398.411393,1.7898530000000001
768649400.31864,1.855862
768649400.330498,1.855907
768649402.218419,1.833335
768649402.2299861,1.8322720000000001
768649404.237497,1.9446430000000001
768649404.24948,1.950272
768649406.289746,1.9737719999999999
768649406.30195,1.998053
768649408.217646,1.864372
768649408.229343,1.864327
768649409.910854,1.613808
768649409.9228519,1.638912
768649411.858124,1.871594
768649411.869496,1.895049
768649413.681371,1.737013
768649413.6814259,1.747437
768649415.549937,1.792048
768649415.56185,1.784529
768649417.418725,1.794436
768649417.430883,1.795456
768649419.25048,1.7657829999999999
768649419.277694,1.7797749999999999
768649420.962307,1.6099219999999999
768649420.974375,1.666453
768649422.7027711,1.661921
768649422.703467,1.6747349999999999
768649424.402534,1.626483
768649424.414076,1.638473
768649426.187476,1.721735
768649426.188078,1.7104240000000002
768649428.049358,1.7983529999999999
768649428.053532,1.8009689999999998
768649429.747482,1.630422
768649429.7477679,1.625711
768649431.45543,1.644139
768649431.455565,1.643828
768649433.369553,1.851172
768649433.381165,1.861877
768649435.272475,1.8247499999999999
768649435.2851,1.849202
768649437.290931,1.942471
768649437.318385,1.9824119999999998
768649439.11673,1.7352800000000002
768649439.127639,1.780252
768649441.023702,1.850043
768649441.034669,1.849973
768649442.7720771,1.688726
768649442.78406,1.689239
768649444.4194119,1.571534
768649444.445513,1.6097299999999999
768649446.197331,1.720926
768649446.1976069,1.694769
768649447.882173,1.628073
768649447.882454,1.627729
768649449.736913,1.7912519999999998
768649449.736923,1.7901900000000002
768649451.514783,1.7107940000000001
768649451.514994,1.7114610000000001
768649453.298528,1.719595
768649453.3105711,1.731713
768649455.1456541,1.7809519999999999
768649455.1572621,1.78004
768649456.920363,1.71126
768649456.9315939,1.710289
768649458.682682,1.6844080000000001
768649458.683509,1.696657
768649460.501954,1.7542110000000002
768649460.502039,1.7548270000000001
768649462.235411,1.668992
768649462.236248,1.6707910000000001
768649464.073537,1.77326
768649464.078533,1.779173
768649465.847993,1.7078060000000002
768649465.858486,1.7126890000000001
768649467.6512591,1.7458440000000002
768649467.6513691,1.735318
768649469.543881,1.817293
768649469.54435,1.819133
768649471.424286,1.820877
768649471.437126,1.832602
768649473.2245971,1.724453
768649473.234761,1.7469359999999998
768649475.029818,1.735307
768649475.029999,1.7457740000000002
768649476.8459929,1.741181
768649476.857921,1.752808
768649479.048051,2.135348
768649479.059383,2.112129
768649481.394797,2.283448
768649481.4068351,2.283453
768649483.7150849,2.242016
768649483.727569,2.266393
768649486.1144431,2.3355989999999998
768649486.114809,2.323627
768649488.141925,1.963819
768649488.1494629,1.9703530000000002
768649489.810356,1.602447
768649489.810446,1.5944189999999998
768649491.600049,1.726682
768649491.611811,1.737677
768649493.376371,1.712514
768649493.388263,1.712869
768649495.06121,1.60617
768649495.06145,1.61867
768649496.768907,1.643468
768649496.780308,1.654944
768649498.4791751,1.6465340000000002
768649498.4795461,1.6357089999999999
768649500.2286941,1.6852
768649500.262448,1.7192189999999998
768649501.941924,1.613232
768649501.9427711,1.647442
768649503.780078,1.773237
768649503.79051,1.785318
768649505.514655,1.6775769999999999
768649505.5263929,1.676338
768649507.352924,1.7489020000000002
768649507.354026,1.761109
768649509.0243499,1.6145289999999999
768649509.0359471,1.624562
768649510.864498,1.7743039999999999
768649510.865228,1.763008
768649512.546083,1.6234730000000002
768649512.5462871,1.623794
768649514.537895,1.933717
768649514.538031,1.935593
768649516.402673,1.801571
768649516.414055,1.8117299999999998
768649518.2412,1.76046
768649518.241977,1.772864
768649520.067343,1.762074
768649520.085415,1.780026
768649522.022256,1.888258
768649522.023038,1.870736
768649523.8681101,1.780748
768649523.880323,1.795046
768649526.369951,2.426077
768649526.380544,2.44909
768649528.233136,1.791747
768649528.244332,1.814296
768649530.068186,1.7465549999999999
768649530.0791839,1.7289029999999999
768649532.071989,1.9356
768649532.079996,1.954872
768649533.851886,1.719049
768649533.851976,1.711375
768649535.736433,1.820673
768649535.795573,1.880851
768649537.693272,1.899942
768649537.705035,1.845649
768649539.484499,1.711877
768649539.484664,1.724812
768649541.300964,1.7525609999999998
768649541.30118,1.753289
768649543.094461,1.727007
768649543.10665,1.738333
768649544.8188219,1.6613140000000002
768649544.819329,1.6492060000000002
768649546.511139,1.62477
768649546.5112641,1.625807
768649548.2510719,1.675988
768649548.262333,1.686844
768649550.037881,1.720369
768649550.038142,1.708816
768649551.75191,1.657143
768649551.75213,1.656166
768649553.741992,1.9152500000000001
768649553.768301,1.9419579999999999
768649555.563271,1.761997
768649555.563624,1.7172990000000001
768649557.4152191,1.793669
768649557.415395,1.7939589999999999
768649559.340504,1.845606
768649559.340708,1.8467170000000002
768649561.146219,1.7488219999999999
768649561.173321,1.7751460000000001
768649562.953157,1.7472029999999998
768649562.964172,1.724271
768649564.788456,1.771927
768649564.8008001,1.7730389999999998
768649566.5049679,1.640926
768649566.5176381,1.66611
768649568.187086,1.6181139999999998
768649568.1965129,1.6151570000000002
768649569.902125,1.6387820000000002
768649569.902346,1.6487749999999999
768649571.539894,1.574391
768649571.54003,1.57379
768649573.298387,1.694441
768649573.337927,1.734841
768649575.038071,1.685706
768649575.049698,1.637471
768649576.789931,1.67567
768649576.802035,1.678217
768649578.6020089,1.742615
768649578.6030151,1.733429
768649580.282196,1.628106
768649580.300853,1.6453710000000001
768649582.0890541,1.752448
768649582.096459,1.7201110000000002
768649583.814682,1.6659920000000001
768649583.8302641,1.68932
768649585.6145741,1.720682
768649585.626547,1.748688
768649587.374418,1.692927
768649587.386065,1.692748
768649589.0563,1.606336
768649589.067541,1.6294849999999999
768649590.835253,1.700931
768649590.8359491,1.71335
768649592.590751,1.667669
768649592.60314,1.702711
768649594.383962,1.729433
768649594.3957349,1.7285359999999999
768649596.171731,1.712614
768649596.173706,1.72627
768649597.9530699,1.714828
768649597.964832,1.724
768649599.75433,1.7253830000000001
768649599.765952,1.749299
768649601.589323,1.759358
768649601.6012859,1.783474
768649603.729552,2.07406
768649603.740969,2.0735189999999997
768649606.009427,2.216445
768649606.049972,2.228234
768649608.312601,2.243036
768649608.324153,2.213839
768649610.043785,1.641748
768649610.054971,1.664064
768649611.713127,1.611532
768649611.740038,1.627529
768649613.4305661,1.660301
768649613.431022,1.6166500000000001
768649615.127032,1.6286239999999998
768649615.139386,1.6418240000000002
768649616.86711,1.663876
768649616.878496,1.687776
768649618.558053,1.611275
768649618.5695101,1.6121569999999998
768649620.426354,1.805069
768649620.426464,1.792865
768649622.263818,1.77333
768649622.264269,1.7742470000000001
768649624.2542839,1.926547
768649624.266342,1.938545
768649626.011998,1.691319
768649626.012815,1.679225
768649627.857851,1.780782
768649627.858523,1.783013
768649629.8480769,1.925514
768649629.848172,1.926803
768649631.712659,1.798434
768649631.712759,1.7966639999999998
768649633.500558,1.725138
768649633.5121,1.735552
768649635.1865541,1.607955
768649635.18702,1.6200679999999998
768649636.9473901,1.695824
768649636.959513,1.709341
768649638.740501,1.714192
768649638.752825,1.738569
768649640.607329,1.803496
768649640.607835,1.791167
768649642.331925,1.660768
768649642.3438879,1.671608
768649644.186079,1.746485
768649644.191706,1.7848689999999998
768649645.855757,1.602983
768649645.867219,1.61496
768649647.6785979,1.7356260000000001
768649647.6792121,1.74745
768649649.632668,1.896171
768649649.63546,1.8986960000000002
768649651.395414,1.692296
768649651.40667,1.7075809999999998
768649653.321169,1.861716
768649653.321239,1.850635
768649655.0932759,1.704936
768649655.093406,1.705783
768649656.856257,1.70014
768649656.868195,1.710745
768649658.683743,1.748888
768649658.695035,1.7723369999999998
768649660.78221,2.0232769999999998
768649660.7823759,2.034945
768649662.715518,1.8691179999999998
768649662.7276961,1.882053
768649664.59082,1.799611
768649664.602733,1.823928
768649666.3926419,1.723308
768649666.393138,1.735768
768649668.339185,1.8823889999999999
768649668.351233,1.895505
768649670.1077441,1.702084
768649670.108355,1.690778
768649671.897768,1.7265309999999998
768649671.909465,1.737296
768649673.62049,1.6600110000000001
768649673.631957,1.658517
768649675.335604,1.637383
768649675.3358951,1.649091
768649677.042702,1.643137
768649677.0532459,1.6542729999999999
768649678.8004501,1.6873120000000001
768649678.8166159,1.714591
768649680.436444,1.5792329999999999
768649680.44795,1.5562740000000002
768649682.241006,1.726481
768649682.241312,1.737883
768649684.050626,1.745399
768649684.067234,1.7621040000000001
768649685.87934,1.761358
768649685.87942,1.744834
768649687.7400141,1.796971
768649687.7404,1.79664
768649689.5671691,1.76239
768649689.567465,1.7626
768649691.4850509,1.850796
768649691.485362,1.8518670000000002
768649693.525353,1.9764180000000002
768649693.53718,1.988807
768649695.339072,1.734895
768649695.339638,1.747776
768649697.129627,1.727007
768649697.175373,1.772152
768649699.0011101,1.762605
768649699.012727,1.819502
768649700.802846,1.7378669999999998
768649700.815285,1.738734
768649702.653712,1.784386
768649702.655,1.7724229999999999
768649704.42416,1.705883
768649704.435912,1.718266
768649706.198828,1.7075420000000001
768649706.198958,1.695965
768649708.0846851,1.797411
768649708.091611,1.8297459999999999
768649709.781301,1.6289690000000001
768649709.7820079,1.622689
768649711.667886,1.823138
768649711.6685481,1.821694
768649713.4332031,1.707065
768649713.443988,1.7189889999999999
768649715.157292,1.6535630000000001
768649715.183518,1.690736
768649716.940745,1.699911
768649716.952377,1.721855
768649718.6978431,1.6622270000000001
768649718.698179,1.690953
768649720.529634,1.754406
768649720.529865,1.754953
768649722.326805,1.733217
768649722.327256,1.733658
768649724.134195,1.743747
768649724.137187,1.746889
768649725.9583781,1.7576479999999999
768649725.959175,1.7545460000000002
768649728.3435681,2.32096
768649728.354965,2.3324819999999997
768649730.037228,1.6155519999999999
768649730.0374781,1.627821
768649731.736946,1.63573
768649731.7495201,1.648649
768649733.584009,1.78314
768649733.584987,1.772191
768649735.190294,1.5466060000000001
768649735.202189,1.556701
768649736.879634,1.632452
768649736.906846,1.631556
768649738.593329,1.654398
768649738.5939599,1.620819
768649740.385781,1.728522
768649740.404353,1.746193
768649742.076964,1.61521
768649742.0772489,1.634563
768649743.9074191,1.772781
768649743.908141,1.7750380000000001
768649745.655702,1.690204
768649745.667168,1.70254
768649747.375387,1.653346
768649747.3755419,1.628605
768649749.136588,1.697603
768649749.147985,1.7088400000000001
768649750.904441,1.6899549999999999
768649750.905222,1.7025000000000001
768649752.6637781,1.695003
768649752.664034,1.6959849999999999
768649754.455821,1.727749
768649754.4670379,1.740283
768649756.3673879,1.8135130000000002
768649756.379351,1.859876
768649758.237093,1.791221
768649758.249056,1.815267
768649760.024195,1.6872600000000002
768649760.0334461,1.732775
768649761.890125,1.786288
768649761.8902409,1.779828
768649763.572215,1.607241
768649763.587541,1.62181
768649765.519356,1.890505
768649765.5302609,1.8858359999999998
768649767.2878081,1.697166
768649767.296647,1.717725
768649769.165128,1.8199729999999998
768649769.176475,1.822925
768649771.034568,1.791013
768649771.044732,1.8139560000000001
768649772.82868,1.7369919999999999
768649772.8407379,1.738472
768649774.623019,1.705595
768649774.625981,1.719494
768649776.419067,1.732735
768649776.419473,1.729683
768649778.195655,1.712653
768649778.196306,1.713531
768649779.9232031,1.664071
768649779.9242959,1.663855
768649781.903886,1.917411
768649781.904027,1.9160519999999999
768649783.697805,1.726296
768649783.69812,1.728491
768649785.47569,1.7142220000000001
768649785.479163,1.7177099999999998
768649787.267909,1.725586
768649787.287846,1.7414150000000002
768649789.1856251,1.8229929999999999
768649789.195356,1.8704500000000002
768649791.026282,1.781077
768649791.027475,1.772185
768649792.85192,1.7485039999999998
768649792.863579,1.762148
768649794.596926,1.6740329999999999
768649794.6133159,1.702046
768649796.302259,1.614196
768649796.327851,1.674077
768649798.052481,1.666769
768649798.052621,1.677649
768649799.807488,1.679835
768649799.807819,1.6803379999999999
768649801.545992,1.67467
768649801.546473,1.675437
768649803.291001,1.6774209999999998
768649803.291306,1.6782279999999998
768649805.016289,1.661795
768649805.028392,1.6732120000000001
768649806.676771,1.5939269999999999
768649806.688268,1.576406
768649808.398541,1.658552
768649808.410148,1.658131
768649810.257906,1.7846520000000001
768649810.258242,1.7963090000000002
768649812.045681,1.7242629999999999
768649812.0483631,1.726156
768649813.873486,1.764101
768649813.874063,1.768347
768649815.6889651,1.7521
768649815.7001859,1.76275
768649817.3900919,1.6259219999999999
768649817.390132,1.637965
768649819.250332,1.761494
768649819.261378,1.794331
768649821.082249,1.7749199999999998
768649821.086802,1.768557
768649822.778697,1.617034
768649822.7788321,1.6367
768649824.4925079,1.649958
768649824.504692,1.6630639999999999
768649826.278558,1.722652
768649826.290461,1.722367
768649827.963988,1.621912
768649827.964219,1.610256
768649829.822907,1.7471990000000002
768649829.8230131,1.7181570000000002
768649831.650228,1.759984
768649831.662346,1.773455
768649833.4486719,1.722657
768649833.448992,1.7359280000000001
768649835.180916,1.654183
768649835.181176,1.65199
768649836.86606,1.6221379999999999
768649836.8776319,1.632793
768649838.534546,1.5907499999999999
768649838.5353479,1.603364
768649840.439076,1.8413940000000002
768649840.453074,1.8540480000000001
768649842.2224749,1.705492
768649842.222505,1.726096
768649844.139668,1.853734
768649844.155106,1.869815
768649845.871233,1.638462
768649845.871739,1.672754
768649847.7666119,1.8312350000000002
768649847.766637,1.832403
768649849.683571,1.8525939999999999
768649849.684138,1.8539080000000001
768649851.52071,1.769511
768649851.5208,1.770463
768649853.948143,2.3639300000000003
768649853.959645,2.375037
768649855.728585,1.714393
768649855.739816,1.7137509999999998
768649857.666578,1.8629289999999998
768649857.6666731,1.87446
768649859.66414,1.933388
768649859.664847,1.934756
768649861.5013889,1.772197
768649861.5018001,1.773836
768649863.1909701,1.621898
768649863.191762,1.623536
768649865.025342,1.7695210000000001
768649865.025427,1.770945
768649866.764107,1.6712369999999999
768649866.7757139,1.684213
768649868.5752,1.710844
768649868.575445,1.7480410000000002
768649870.388693,1.749314
768649870.388798,1.750241
768649872.200058,1.747355
768649872.201651,1.749506
768649874.099681,1.840138
768649874.111989,1.850385
768649875.88016,1.7172120000000002
768649875.8808141,1.7052289999999999
768649877.5996621,1.661816
768649877.5998421,1.662049
768649879.479294,1.81223
768649879.4798521,1.813547
768649881.1799201,1.644363
768649881.17998,1.6428669999999999
768649883.168641,1.922541
768649883.1692101,1.92216
768649885.071286,1.845689
768649885.082199,1.85592
768649886.838754,1.707936
768649886.838814,1.696812
768649888.957629,2.055462
768649888.96894,2.0664279999999997
768649890.788498,1.753198
768649890.800375,1.7761310000000001
768649892.5944641,1.730966
768649892.606015,1.7542250000000001
768649894.489602,1.8198839999999998
768649894.490043,1.832558
768649896.387527,1.834267
768649896.39949,1.845729
768649898.2069039,1.7408739999999998
768649898.207345,1.753368
768649900.10711,1.835801
768649900.121438,1.85064
768649901.782753,1.609548
768649901.783469,1.594965
768649903.5676299,1.721776
768649903.580575,1.733016
768649905.293009,1.6489600000000002
768649905.3050519,1.673608
768649907.0103381,1.6385010000000002
768649907.022451,1.662938
768649908.918291,1.844552
768649908.9393641,1.8531360000000001
768649910.597693,1.624971
768649910.5978681,1.6044399999999999
768649912.462631,1.800804
768649912.475195,1.814365
768649914.267084,1.722396
768649914.276991,1.743605
768649915.987174,1.657915
768649915.987555,1.668925
768649917.780153,1.7082849999999998
768649917.790549,1.713626
768649919.446411,1.612123
768649919.459,1.613748
768649921.3126221,1.790445
768649921.324354,1.8142550000000002
768649923.0432631,1.65315
768649923.0552449,1.676309
768649924.8767179,1.757588
768649924.876818,1.770007
768649926.573449,1.629049
768649926.573614,1.630342
768649928.420982,1.783063
768649928.432759,1.795657
768649930.163901,1.667489
768649930.1641669,1.680113
768649932.0325739,1.78078
768649932.047651,1.8212160000000002
768649933.735336,1.641539
768649933.735632,1.627159
768649935.587908,1.794862
768649935.5887101,1.795977
768649937.4246839,1.779908
768649937.434771,1.788764
768649939.266483,1.781543
768649939.267377,1.772586
768649941.0446941,1.71982
768649941.054582,1.730788
768649942.8107051,1.6962030000000001
768649942.810995,1.690517
768649944.516568,1.641564
768649944.517004,1.642706
768649946.20676,1.6258519999999999
768649946.209461,1.630112
768649947.8626871,1.5926740000000001
768649947.865759,1.592003
768649949.559098,1.633128
768649949.590546,1.660593
768649951.4611521,1.804407
768649951.473757,1.8485
768649953.398409,1.861626
768649953.409274,1.884474
768649955.3219191,1.8458839999999999
768649955.3343829,1.869279
768649957.223277,1.825483
768649957.233533,1.84819
768649959.1296389,1.846679
768649959.141616,1.8483200000000002
768649961.008823,1.822649
768649961.048405,1.849603
768649962.725794,1.651466
768649962.7555209,1.647357
768649964.3855569,1.5976029999999999
768649964.396222,1.583359
768649966.154936,1.712142
768649966.159393,1.706261
768649967.746266,1.511951
768649967.75655,1.539517
768649969.4741831,1.660473
768649969.474333,1.671279
768649971.294447,1.752291
768649971.305969,1.765061
768649973.175022,1.80544
768649973.1863691,1.8285879999999999
768649975.066267,1.8131270000000002
768649975.07847,1.836417
768649976.780123,1.638165
768649976.791595,1.661786
768649979.030213,2.17505
768649979.041745,2.19847
768649981.641745,2.536181
768649981.6545401,2.5605939999999996
768649984.039119,2.317447
768649984.051708,2.3193770000000002
768649985.8172851,1.713155
768649985.829072,1.7131850000000002
768649987.5809771,1.70056
768649987.581203,1.688392
768649989.46085,1.815964
768649989.472909,1.8285529999999999
768649991.307576,1.767897
768649991.32199,1.7922140000000002
768649993.042166,1.671222
768649993.0433741,1.657681
768649994.9243499,1.819066
768649994.927743,1.8204269999999998
768649997.0963479,2.109057
768649997.108045,2.122986
768649999.048554,1.874145
768649999.060552,1.897359
768650000.9382449,1.8143250000000002
768650000.951665,1.8311849999999998
768650002.7820799,1.77764
768650002.78222,1.770587
768650004.621864,1.776357
768650004.6386709,1.7818770000000002
768650006.425946,1.730442
768650006.4268731,1.741496
768650008.174313,1.6854159999999998
768650008.184677,1.6939
768650009.9517281,1.693103
768650009.963655,1.711421
768650011.630422,1.615402
768650011.64243,1.61446
768650013.4930049,1.7989950000000001
768650013.4933261,1.787603
768650015.258292,1.697543
768650015.270069,1.71089
768650017.1531401,1.819552
768650017.1649971,1.8433430000000002
768650018.933671,1.702224
768650018.934669,1.715206
768650020.664024,1.672784
768650020.693523,1.682944
768650022.310541,1.5895359999999998
768650022.322378,1.571545
768650024.520459,2.134899
768650024.523527,2.149899
768650026.435708,1.855124
768650026.4358131,1.851707
768650028.266547,1.767447
768650028.27873,1.778758
768650030.1082109,1.763116
768650030.108471,1.77546
768650031.99078,1.81822
768650032.023516,1.8513659999999998
768650033.75111,1.662853
768650033.763248,1.6698439999999999
768650035.593531,1.778787
768650035.605058,1.7784719999999998
768650037.358356,1.701137
768650037.370424,1.7019540000000002
768650039.1311,1.7064599999999999
768650039.142727,1.705392
768650040.817312,1.611097
768650040.82909,1.634702
768650042.6189879,1.723078
768650042.631522,1.748407
768650044.298014,1.602622
768650044.309651,1.627655
768650046.096166,1.723088
768650046.0967181,1.735331
768650047.809461,1.648639
768650047.821074,1.638671
768650049.616811,1.744272
768650049.627982,1.743605
768650051.3213849,1.637949
768650051.3319,1.6371179999999999
768650053.063688,1.678549
768650053.0758411,1.6800929999999998
768650054.8618809,1.731513
768650054.8618959,1.719505
768650056.753466,1.8276709999999998
768650056.765615,1.840421
768650058.518437,1.701358
768650058.531292,1.702495
768650060.272397,1.677381
768650060.283538,1.701247
768650062.0838,1.745174
768650062.0958929,1.745435
768650063.923054,1.763316
768650063.9351821,1.787884
768650065.713063,1.726415
768650065.7255721,1.7268270000000001
768650067.538058,1.74545
768650067.5499511,1.7703280000000001
768650069.299771,1.686542
768650069.300903,1.699327
768650071.1141709,1.747916
768650071.126124,1.757588
768650072.8079059,1.6181539999999999
768650072.819924,1.642085
768650074.597439,1.711096
768650074.608886,1.7344490000000001
768650076.406317,1.733873
768650076.4064779,1.745711
768650078.1626279,1.692302
768650078.174536,1.705677
768650079.815879,1.5901129999999999
768650079.828192,1.5902539999999998
768650081.637621,1.746011
768650081.6494241,1.769887
768650083.4276251,1.7115209999999998
768650083.439327,1.734775
768650085.1733061,1.6707910000000001
768650085.1850181,1.6941709999999999
768650086.99139,1.75155
768650087.0121781,1.760875
768650088.759528,1.662267
768650088.771786,1.717004
768650090.544164,1.708624
768650090.555901,1.7327709999999998
768650092.479817,1.872521
768650092.491449,1.87211
768650094.322148,1.7755150000000002
768650094.3339,1.77556
768650096.1297921,1.720086
768650096.1297971,1.731873
768650097.9927659,1.796178
768650098.006318,1.809359
768650099.73757,1.681541
768650099.749237,1.679412
768650101.428488,1.627029
768650101.4289639,1.615673
768650103.720641,2.225032
768650103.721002,2.224771
768650105.479958,1.696175
768650105.480424,1.695724
768650107.277109,1.731161
768650107.2886859,1.7409590000000001
768650109.091178,1.738639
768650109.103011,1.762395
768650110.779415,1.6215870000000001
768650110.790696,1.621
768650112.552951,1.7100769999999998
768650112.564482,1.710062
768650114.273412,1.654082
768650114.2855511,1.6541329999999999
768650116.0787469,1.729458
768650116.094479,1.757668
768650117.943395,1.782255
768650117.9436951,1.798088
768650119.839017,1.8320770000000002
768650119.839378,1.832113
768650121.7929059,1.896262
768650121.794217,1.8991209999999998
768650123.5253389,1.673066
768650123.537418,1.682492
768650125.355134,1.753787
768650125.36535,1.7764479999999998
768650127.116172,1.701373
768650127.128666,1.703311
768650128.982649,1.793051
768650128.994617,1.793555
768650130.823556,1.7485510000000002
768650130.82622,1.7641969999999998
768650132.69083,1.807545
768650132.7030339,1.815683
768650134.389286,1.6225580000000002
768650134.390248,1.635775
768650136.138615,1.684689
768650136.14709,1.694456
768650137.960729,1.755339
768650137.972381,1.759002
768650139.688378,1.652309
768650139.688678,1.664752
768650141.386653,1.63378
768650141.398807,1.64663
768650143.165646,1.7065789999999998
768650143.177599,1.7241909999999998
768650144.908686,1.668609
768650144.920478,1.67888
768650146.704077,1.728812
768650146.704508,1.716819
768650148.512128,1.736012
768650148.524246,1.747533
768650150.225829,1.634952
768650150.226235,1.601317
768650151.979187,1.689154
768650151.979658,1.690221
768650153.781875,1.708378
768650153.7944419,1.726794
768650155.558568,1.7099369999999998
768650155.5677321,1.718138
768650157.2942051,1.672675
768650157.3064691,1.6867510000000001
768650158.950379,1.5447080000000002
768650158.968505,1.607904
768650160.699907,1.667729
768650160.7116389,1.709381
768650162.454127,1.6789699999999999
768650162.454699,1.691605
768650164.253147,1.724628
768650164.291446,1.774107
768650166.095217,1.7875269999999999
768650166.106699,1.7490139999999998
768650167.900451,1.73325
768650167.901384,1.722551
768650169.879496,1.915918
768650169.891479,1.926162
768650171.705289,1.747325
768650171.7060599,1.760064
768650173.552766,1.7839850000000002
768650173.564358,1.7940479999999999
768650175.581471,1.9617240000000002
768650175.593679,1.96241
768650177.476053,1.818921
768650177.487766,1.8428209999999998
768650179.2688841,1.7266359999999998
768650179.280105,1.7262499999999998
768650181.14383,1.811474
768650181.155096,1.811594
768650183.022936,1.80114
768650183.0231221,1.812436
768650184.7386171,1.652489
768650184.75072,1.6635739999999999
768650186.545205,1.7310260000000002
768650186.556,1.754086
768650188.570526,1.9508830000000001
768650188.581993,1.973411
768650190.67593,2.0392040000000002
768650190.687557,2.039058
768650192.545373,1.805775
768650192.5572261,1.805886
768650194.3537151,1.742087
768650194.357459,1.733627
768650196.175222,1.7585700000000002
768650196.179898,1.758791
768650197.908464,1.661785
768650197.908659,1.673282
768650199.780062,1.807439
768650199.7920749,1.820169
768650201.572833,1.716518
768650201.620965,1.7774889999999999
768650203.440552,1.753058
768650203.4525399,1.813273
768650205.259103,1.742539
768650205.271231,1.7672510000000001
768650206.96903,1.6310689999999999
768650206.9811491,1.655286
768650209.041297,1.9971020000000002
768650209.0534749,2.004093
768650210.951681,1.8107170000000001
768650210.951937,1.82059
768650212.814454,1.799215
768650212.827457,1.8115189999999999
768650214.6856669,1.801105
768650214.697024,1.819062
768650216.5167019,1.7676720000000001
768650216.528805,1.768319
768650218.156425,1.57362
768650218.167752,1.571941
768650219.9412119,1.721625
768650219.953601,1.722477
768650221.786204,1.7587460000000001
768650221.797936,1.75422
768650223.587304,1.734695
768650223.587574,1.723404
768650225.3913851,1.7400930000000001
768650225.4036291,1.752005
768650227.594691,2.1368009999999997
768650227.595092,2.124603
768650229.863315,2.205527
768650229.8747361,2.215495
768650231.679845,1.7498150000000001
768650231.680978,1.739792
768650233.422339,1.6779169999999999
768650233.4334539,1.688242
768650235.0974201,1.600277
768650235.0977299,1.611829
768650236.874243,1.713591
768650236.885925,1.724491
768650238.5091959,1.556586
768650238.5209279,1.580321
768650240.243535,1.671222
768650240.255964,1.672074
768650242.094402,1.7748709999999999
768650242.095044,1.788399
768650243.854259,1.701813
768650243.8648361,1.713577
768650245.833164,1.9219650000000001
768650245.845363,1.9234790000000002
768650247.663116,1.764144
768650247.664186,1.752195
768650249.410355,1.690238
768650249.426864,1.7053630000000002
768650251.1064199,1.601976
768650251.1069059,1.637311
768650252.759109,1.590168
768650252.7710869,1.600498
768650254.432672,1.5945829999999999
768650254.445061,1.6193760000000001
768650256.148392,1.652353
768650256.156556,1.647862
768650257.90561,1.681988
768650257.917227,1.70247
768650259.530745,1.561962
768650259.531221,1.549924
768650261.233054,1.639709
768650261.244611,1.649467
768650263.060074,1.74875
768650263.0606229,1.760745
768650264.8701241,1.752167
768650264.897629,1.780751
768650266.688418,1.7588320000000002
768650266.7081779,1.7338779999999998
768650268.466736,1.721071
768650268.4786091,1.712913
768650270.342342,1.7887899999999999
768650270.35352,1.8116510000000001
768650272.0472,1.6480380000000001
768650272.051631,1.6410420000000001
768650273.816776,1.7040659999999999
768650273.828252,1.6994259999999999
768650275.991987,2.112229
768650276.023866,2.13161
768650277.890293,1.806011
768650277.90185,1.809223
768650279.6899841,1.736454
768650279.702062,1.736289
768650281.384586,1.631184
768650281.396553,1.630858
768650283.173722,1.722547
768650283.184713,1.72166
768650284.9175991,1.6802329999999999
768650284.930008,1.6810550000000002
768650286.583789,1.5994950000000001
768650286.5839239,1.587532
768650288.472363,1.824805
768650288.4729489,1.8263140000000002
768650290.2237101,1.699213
768650290.25309,1.728219
768650291.84409,1.518487
768650291.844476,1.5688099999999998
768650293.607802,1.700074
768650293.618743,1.710559
768650295.427545,1.7462630000000001
768650295.427891,1.7362689999999998
768650297.201677,1.6977959999999999
768650297.201843,1.699025
768650298.97808,1.7035850000000001
768650298.978661,1.702667
768650300.721115,1.678935
768650300.721571,1.679481
768650302.504403,1.719465
768650302.516005,1.731333
768650304.191668,1.612315
768650304.1931211,1.625175
768650306.008595,1.748767
768650306.009111,1.751069
768650307.713841,1.641829
768650307.7260439,1.6526640000000001
768650309.4654701,1.688111
768650309.477253,1.688187
768650311.191986,1.660202
768650311.192297,1.648304
768650313.052637,1.7978429999999999
768650313.0628481,1.806808
768650314.816045,1.703834
768650314.819935,1.69723
768650316.62045,1.737284
768650316.621528,1.749075
768650318.310197,1.631139
768650318.314835,1.637592
768650320.1767911,1.7865039999999999
768650320.188428,1.821243
768650321.9383839,1.685375
768650321.939556,1.654774
768650323.634709,1.631374
768650323.647148,1.645628
768650325.327246,1.62937
768650325.339269,1.6285830000000001
768650327.022625,1.629139
768650327.034527,1.628753
768650328.769017,1.683025
768650328.781741,1.683501
768650330.581262,1.732896
768650330.59302,1.7576180000000001
768650332.3935441,1.736974
768650332.40311,1.758573
768650334.158604,1.695205
768650334.159065,1.705881
768650335.8129671,1.577849
768650335.8250049,1.590832
768650337.534446,1.6581569999999999
768650337.5463179,1.658222
768650339.294498,1.693593
768650339.320465,1.707772
768650341.080772,1.729201
768650341.085623,1.701517
768650342.691238,1.547488
768650342.701506,1.548594
768650344.44499,1.696462
768650344.4904261,1.7315239999999998
768650346.2552409,1.69816
768650346.255822,1.744067
768650347.9553499,1.635845
768650347.956277,1.638035
768650349.698269,1.6541970000000001
768650349.698976,1.655265
768650351.4161199,1.640009
768650351.4164959,1.6387839999999998
768650353.9120779,2.432114
768650353.924296,2.426055
768650356.258538,2.26742
768650356.284588,2.291983
768650358.601645,2.2663510000000002
768650358.611435,2.2662060000000004
768650360.7013791,2.042862
768650360.712108,2.040673
768650362.472662,1.7115879999999999
768650362.4895339,1.7141579999999998
768650364.187245,1.625762
768650364.188833,1.658782
768650365.9179039,1.66845
768650365.9299921,1.68351
768650367.730401,1.7489929999999998
768650367.742529,1.7491850000000002
768650369.548811,1.755047
768650369.549011,1.742759
768650371.317379,1.7010619999999999
768650371.3291069,1.7131699999999999
768650373.2599031,1.878941
768650373.2715911,1.878675
768650375.035353,1.709176
768650375.047086,1.708358
768650376.7721729,1.673487
768650376.7837,1.672761
768650378.5087681,1.6581359999999998
768650378.518566,1.6804700000000001
768650380.3677089,1.802009
768650380.401331,1.8261530000000001
768650382.050085,1.5890360000000001
768650382.062273,1.634785
768650383.694916,1.569169
768650383.6951311,1.581869
768650385.4305329,1.647713
768650385.4306229,1.6723249999999998
768650387.1666111,1.669433
768650387.1779369,1.6797069999999998
768650388.884717,1.655069
768650388.8969309,1.655104
768650390.708154,1.756732
768650390.7090731,1.7456340000000001
768650392.407061,1.635118
768650392.4071211,1.6407019999999999
768650394.2699391,1.799496
768650394.270604,1.799676
768650396.089859,1.763024
768650396.0910901,1.757568
768650397.848343,1.689214
768650397.863624,1.7137159999999998
768650399.5630461,1.6516790000000001
768650399.57941,1.652183
768650401.387191,1.766582
768650401.388213,1.744829
768650403.121485,1.668325
768650403.133778,1.6782430000000002
768650404.965614,1.780632
768650404.966091,1.768679
768650406.66628,1.633379
768650406.6667761,1.634231
768650408.379841,1.631991
768650408.3802971,1.649742
768650410.1828411,1.740639
768650410.183779,1.740112
768650411.8889381,1.654382
768650411.9013671,1.665324
768650413.730335,1.777804
768650413.7305549,1.765497
768650415.479646,1.6941330000000001
768650415.480097,1.695368
768650417.316182,1.772643
768650417.325307,1.7820900000000002
768650419.074322,1.703494
768650419.085594,1.7055449999999999
768650420.926089,1.777041
768650420.9373751,1.799808
768650422.713949,1.7219069999999999
768650422.7142501,1.73436
768650424.4365511,1.6592040000000001
768650424.4371871,1.659209
768650426.091179,1.591496
768650426.091254,1.590765
768650427.986939,1.83138
768650427.987105,1.832562
768650429.7709091,1.69804
768650429.7711439,1.693278
768650431.574249,1.736418
768650431.574374,1.73699
768650433.2975969,1.636747
768650433.309866,1.671764
768650435.233952,1.869795
768650435.2456551,1.869775
768650436.90941,1.600124
768650436.925963,1.628603
768650438.7840159,1.7943040000000001
768650438.795272,1.82908
768650440.605027,1.757916
768650440.613884,1.7557079999999998
768650442.560827,1.887146
768650442.5615741,1.8939130000000002
768650444.37778,1.7539339999999999
768650444.389714,1.7643769999999999
768650446.137848,1.700643
768650446.138229,1.688864
768650448.103736,1.902325
768650448.108312,1.905423
768650449.787433,1.612039
768650449.787788,1.616635
768650451.594095,1.742363
768650451.607461,1.75637
768650453.530069,1.859346
768650453.55183,1.89384
768650455.384703,1.766785
768650455.385089,1.788636
768650457.165621,1.717054
768650457.177619,1.728866
768650459.071645,1.827937
768650459.0848551,1.8525989999999999
768650460.891157,1.742769
768650460.891162,1.756265
768650462.7177709,1.7595079999999998
768650462.729589,1.771611
768650464.4019439,1.608841
768650464.414182,1.632778
768650466.087669,1.6226990000000001
768650466.099126,1.621391
768650467.851217,1.688507
768650467.863134,1.712318
768650469.588342,1.673497
768650469.600115,1.673076
768650471.3644891,1.710062
768650471.376351,1.709491
768650473.1350219,1.70655
768650473.14677,1.706684
768650474.826938,1.613863
768650474.827103,1.625767
768650476.5281091,1.63838
768650476.528225,1.637238
768650478.870615,2.266142
768650478.882147,2.278308
768650481.171348,2.225894
768650481.183897,2.249885
768650483.302867,2.043305
768650483.303278,2.055109
768650484.9794979,1.612437
768650484.989485,1.6227179999999999
768650486.659876,1.610015
768650486.660763,1.6213499999999998
768650488.3918041,1.6553390000000001
768650488.39214,1.654105
768650490.154038,1.698526
768650490.154935,1.699508
768650491.7527411,1.5343229999999999
768650491.764619,1.5461209999999999
768650493.575752,1.7596930000000002
768650493.588477,1.760636
768650495.371173,1.7157010000000001
768650495.3827599,1.740298
768650497.239901,1.7932510000000002
768650497.2514981,1.793241
768650499.066125,1.748589
768650499.07573,1.76955
768650500.894403,1.761777
768650500.905028,1.782163
768650502.776537,1.812227
768650502.777403,1.823453
768650504.612958,1.779428
768650504.6132431,1.778181
768650506.4905659,1.814632
768650506.49108,1.814094
768650508.290452,1.742517
768650508.301804,1.752881
768650510.082043,1.713768
768650510.0820831,1.70295
768650511.87696,1.738661
768650511.888121,1.74884
768650513.7336789,1.793392
768650513.745136,1.7928149999999998
768650515.463347,1.651546
768650515.475436,1.6747699999999999
768650517.18619,1.647262
768650517.1981579,1.671437
768650519.098047,1.833134
768650519.098438,1.845698
768650520.937411,1.774583
768650520.949279,1.7871320000000002
768650522.913854,1.909988
768650522.926569,1.910389
768650524.601735,1.624634
768650524.6022811,1.61215
768650526.432454,1.767867
768650526.4331551,1.7664090000000001
768650528.301743,1.805931
768650528.3021201,1.8048199999999999
768650530.098607,1.737064
768650530.0992141,1.736347
768650531.827569,1.6548470000000002
768650531.843211,1.669014
768650533.551374,1.6605999999999999
768650533.5621469,1.655388
768650535.2249429,1.6133849999999998
768650535.235444,1.61286
768650537.000151,1.71783
768650537.0117381,1.7196069999999999
768650538.771717,1.705662
768650538.771807,1.692758
768650540.602656,1.767271
768650540.614979,1.780176
768650542.3955309,1.729753
768650542.40794,1.729543
768650544.216512,1.74529
768650544.219003,1.7603250000000001
768650545.994653,1.7089349999999999
768650545.995315,1.712744
768650547.652474,1.569631
768650547.687751,1.62966
768650549.460896,1.744939
768650549.48568,1.7345469999999998
768650551.189557,1.643921
768650551.201805,1.665377
768650552.971973,1.7188329999999998
768650552.984427,1.704588
768650554.8954339,1.857285
768650554.90642,1.8554380000000001
768650556.701178,1.7485
768650556.7136121,1.7500090000000001
768650558.5197431,1.7519600000000002
768650558.5318611,1.751499
768650560.26588,1.682429
768650560.277397,1.6636389999999999
768650562.118886,1.774826
768650562.119392,1.764548
768650563.878429,1.696166
768650563.8900911,1.707026
768650565.502587,1.560359
768650565.514414,1.560133
768650567.143553,1.574502
768650567.155491,1.574196
768650568.8912181,1.684498
768650568.9026849,1.683761
768650570.6811571,1.723058
768650570.681172,1.711927
768650572.347831,1.603445
768650572.411517,1.666391
768650574.049646,1.642357
768650574.0784689,1.5884989999999999
768650575.849097,1.721153
768650575.8598579,1.716038
768650577.608129,1.690963
768650577.608375,1.702029
768650579.389588,1.7147379999999999
768650579.3898339,1.7145629999999998
768650581.175395,1.710888
768650581.175455,1.7101110000000002
768650582.768929,1.53288
768650582.7850211,1.549663
768650584.466697,1.640832
768650584.5285621,1.679997
768650586.206118,1.611032
768650586.206474,1.680288
768650587.979764,1.710709
768650587.992833,1.710985
768650589.748886,1.6769129999999999
768650589.749887,1.6822320000000002
768650591.5007039,1.692451
768650591.500905,1.683726
768650593.2641109,1.699789
768650593.2642909,1.68852
768650595.038443,1.7077069999999999
768650595.050597,1.719274
768650596.711536,1.609962
768650596.738974,1.62489
768650598.32796,1.523098
768650598.32937,1.5586
768650600.086606,1.700465
768650600.1032751,1.711206
768650602.2542789,2.089885
768650602.270492,2.094398
768650604.530871,2.213129
768650604.547044,2.2124129999999997
768650606.826954,2.230018
768650606.845143,2.232196
768650609.208104,2.290617
768650609.223395,2.332999
768650611.5084361,2.220341
768650611.5089431,2.219093
768650613.621523,2.0497039999999997
768650613.621718,2.049458
768650615.3284881,1.6395540000000002
768650615.328854,1.641147
768650616.920426,1.527998
768650616.920676,1.528811
768650618.692909,1.7053859999999998
768650618.692984,1.705232
768650620.419149,1.6631090000000002
768650620.43035,1.673347
768650622.119454,1.633605
768650622.119499,1.622669
768650623.939833,1.756556
768650623.940359,1.757122
768650625.7553611,1.72397
768650625.771835,1.7444769999999998
768650627.595412,1.745903
768650627.595682,1.780945
768650629.39589,1.7370160000000001
768650629.407953,1.748081
768650631.171015,1.7085839999999999
768650631.183489,1.7078119999999999
768650632.980534,1.735417
768650632.992437,1.735196
768650634.9692011,1.913547
768650634.982136,1.9145830000000001
768650636.821986,1.765334
768650636.833373,1.788964
768650638.61201,1.700435
768650638.6241341,1.7225190000000001
768650640.38973,1.714207
768650640.4017531,1.7141019999999998
768650642.189808,1.736649
768650642.19059,1.7255930000000002
768650644.056706,1.8030439999999999
768650644.066528,1.81204
768650645.864471,1.739636
768650645.876228,1.742644
768650647.675879,1.7359879999999999
768650647.6875011,1.759497
768650649.5976,1.8472169999999999
768650649.598106,1.85911
768650651.333583,1.668491
768650651.345992,1.6816419999999999
768650653.197379,1.78772
768650653.206841,1.8097320000000001
768650655.005565,1.738672
768650655.010511,1.753376
768650656.790617,1.7162220000000001
768650656.802134,1.739251
768650658.595992,1.730207
768650658.596694,1.742145
768650660.318959,1.666173
768650660.330526,1.655626
768650661.9888179,1.60382
768650662.0009761,1.6034140000000001
768650663.8317599,1.767389
768650663.843492,1.7674679999999998
768650665.625001,1.729598
768650665.637736,1.730285
768650667.580942,1.876415
768650667.592619,1.9017439999999999
768650669.388511,1.744187
768650669.400374,1.744102
768650671.15704,1.690071
768650671.157887,1.703232
768650672.914623,1.694441
768650672.926015,1.704124
768650674.592105,1.599485
768650674.619073,1.638366
768650676.3517181,1.695845
768650676.3915291,1.708787
768650678.2469871,1.798057
768650678.247603,1.830913
768650680.030571,1.720472
768650680.034325,1.722261
768650681.762103,1.657826
768650681.762334,1.6634440000000001
768650683.486111,1.6600059999999999
768650683.486524,1.66152
768650685.256151,1.711776
768650685.268299,1.7243689999999998
768650687.014771,1.692336
768650687.027215,1.6922160000000002
768650688.8517851,1.761121
768650688.864259,1.785799
768650690.521353,1.5904639999999999
768650690.521869,1.603324
768650692.3662549,1.7804710000000001
768650692.3662649,1.780516
768650694.081564,1.650819
768650694.094139,1.664722
768650695.857375,1.711747
768650695.8690319,1.7115609999999999
768650697.692489,1.759934
768650697.724048,1.8028899999999999
768650699.378105,1.619617
768650699.390184,1.600152
768650701.168532,1.7268400000000002
768650701.177621,1.72432
768650702.938899,1.7066430000000001
768650702.951282,1.7289759999999998
768650704.6598569,1.6380590000000002
768650704.6873109,1.676511
768650706.444062,1.710226
768650706.455569,1.698484
768650708.175404,1.650404
768650708.1853521,1.670085
768650709.899845,1.640941
768650709.911693,1.644009
768650711.6668249,1.703417
768650711.679099,1.703422
768650713.469519,1.738924
768650713.470947,1.728285
768650715.10836,1.572051
768650715.108761,1.570332
768650716.882136,1.709697
768650716.893603,1.7211130000000001
768650718.59475,1.6463
768650718.606763,1.645613
768650720.378582,1.708276
768650720.38946,1.731549
768650722.167336,1.72879
768650722.1724919,1.702638
768650723.895605,1.649635
768650723.907337,1.682929
768650725.681957,1.7091260000000001
768650725.717967,1.734664
768650728.2172819,2.440233
768650728.244724,2.503342
768650730.559818,2.282809
768650730.5645471,2.2399400000000003
768650732.870026,2.252887
768650732.895335,2.255553
768650734.904769,1.9598509999999998
768650734.904813,1.949418
768650736.694177,1.7316479999999999
768650736.694503,1.732898
768650738.343819,1.57495
768650738.3442099,1.575121
768650740.0833349,1.664064
768650740.088016,1.668936
768650741.7307869,1.575499
768650741.730938,1.58005
768650743.424487,1.6302969999999999
768650743.4361141,1.6414929999999999
768650745.0178081,1.529608
768650745.028969,1.528921
768650746.8403931,1.744809
768650746.852481,1.767537
768650748.588539,1.672926
768650748.600422,1.6968370000000002
768650750.260393,1.608261
768650750.260934,1.596814
768650752.09586,1.771976
768650752.103294,1.778915
768650753.7989091,1.635235
768650753.799425,1.6435309999999999
768650755.570039,1.708062
768650755.5808691,1.717206
768650757.2481719,1.609932
768650757.260115,1.632327
768650759.0159141,1.689519
768650759.0412639,1.726532
768650760.8360779,1.737236
768650760.863096,1.773953
768650762.634789,1.694619
768650762.645373,1.750166
768650764.467355,1.7754750000000001
768650764.479082,1.776815
768650766.345549,1.814751
768650766.357131,1.7956619999999999
768650768.1440871,1.7347899999999998
768650768.150397,1.729573
768650769.951968,1.741266
768650769.963901,1.746427
768650771.75206,1.7250480000000001
768650771.752281,1.73687
768650773.531249,1.714613
768650773.531429,1.6926370000000002
768650775.3637061,1.764975
768650775.3753481,1.778151
768650777.19059,1.752127
768650777.2007619,1.773555
768650778.968106,1.7235340000000001
768650778.968377,1.713549
768650780.8056941,1.773808
768650780.8059429,1.774772
768650782.537875,1.6791289999999999
768650782.5736879,1.7153349999999998
768650784.278495,1.65247
768650784.2903069,1.7003890000000002
768650786.032851,1.676344
768650786.0330911,1.688623
768650787.802722,1.701728
768650787.814555,1.713561
768650789.626054,1.760205
768650789.6375461,1.758911
768650791.33106,1.6388559999999999
768650791.331255,1.627225
768650793.0072889,1.612355
768650793.019096,1.624378
768650794.891697,1.817969
768650794.892419,1.806197
768650796.716362,1.76081
768650796.728159,1.772533
768650798.4227811,1.631244
768650798.434227,1.654683
768650800.216308,1.7298630000000002
768650800.225685,1.7281090000000001
768650801.990839,1.7081520000000001
768650801.990976,1.699098
768650803.683421,1.6344580000000002
768650803.683911,1.6359059999999999
768650805.556957,1.816543
768650805.566743,1.825271
768650807.26731,1.650706
768650807.2724911,1.645786
768650808.929244,1.593386
768650808.92945,1.584662
768650810.811859,1.814576
768650810.820093,1.823687
768650812.469414,1.585623
768650812.499529,1.624363
768650814.358554,1.793076
768650814.358885,1.822704
768650816.2540879,1.832097
768650816.2654151,1.842206
768650818.131426,1.799646
768650818.143424,1.8228
768650819.750882,1.555798
768650819.763522,1.556921
768650821.483532,1.6559910000000002
768650821.495149,1.680664
768650823.285926,1.7364
768650823.296835,1.735349
768650825.099975,1.7572480000000001
768650825.11408,1.760388
768650826.9320209,1.765567
768650826.9435431,1.769746
768650828.745581,1.727948
768650828.756819,1.749462
768650830.450373,1.6449
768650830.4673251,1.649917
768650832.334712,1.80414
768650832.344615,1.837373
768650834.125941,1.7312370000000001
768650834.126171,1.7217820000000001
768650835.889132,1.674791
768650835.889202,1.70025
768650837.634883,1.682593
768650837.635098,1.6817819999999999
768650839.366135,1.663679
768650839.366561,1.6649720000000001
768650841.0388451,1.6085559999999999
768650841.050848,1.620469
768650842.678409,1.57339
768650842.678845,1.561783
768650844.4220799,1.680624
768650844.4223111,1.6797730000000002
768650846.251478,1.76631
768650846.279618,1.793813
768650848.165214,1.856342
768650848.1736151,1.8366120000000001
768650850.0399051,1.806469
768650850.0399901,1.815021
768650851.734501,1.630332
768650851.7346469,1.631374
768650854.130725,2.33331
768650854.131078,2.3324700000000003
768650855.794211,1.602323
768650855.794351,1.60395
768650857.5335419,1.676565
768650857.5454789,1.68767
768650859.2524201,1.652203
768650859.25253,1.640781
768650860.846683,1.531066
768650860.858616,1.542627
768650862.559407,1.634662
768650862.5598221,1.64666
768650864.258158,1.634752
768650864.26984,1.646795
768650866.02155,1.699859
768650866.022056,1.688428
768650867.925559,1.840412
768650867.925824,1.840391
768650869.7898461,1.8008790000000001
768650869.789941,1.800594
768650871.481465,1.624173
768650871.4816409,1.6257220000000001
768650873.306435,1.746481
768650873.318358,1.759994
768650875.012439,1.626775
768650875.012439,1.615802
768650876.849422,1.761812
768650876.860513,1.773789
768650878.703322,1.776397
768650878.703511,1.766494
768650880.475271,1.71415
768650880.487304,1.726937
768650882.280345,1.741216
768650882.28038,1.7293779999999999
768650883.965099,1.606868
768650883.9776981,1.598629
768650885.862543,1.810215
768650885.874906,1.806727
768650887.658691,1.729558
768650887.670523,1.728726
768650889.391917,1.669543
768650889.401981,1.667975
768650891.1375979,1.67859
768650891.137828,1.669358
768650892.880296,1.6789649999999998
768650892.891868,1.689896
768650894.649883,1.6916039999999999
768650894.650419,1.703387
768650896.674072,1.960687
768650896.685308,1.9701279999999999
768650898.4687259,1.7196900000000002
768650898.468897,1.731197
768650900.200465,1.668636
768650900.201758,1.669227
768650901.849059,1.580401
768650901.84955,1.582811
768650903.617001,1.7038929999999999
768650903.617167,1.7043139999999999
768650905.457814,1.778026
768650905.482976,1.802524
768650907.278161,1.7400639999999998
768650907.278687,1.750541
768650908.998689,1.668903
768650908.998905,1.667649
768650910.700679,1.649408
768650910.739931,1.689435
768650912.378437,1.625713
768650912.388352,1.58517
768650914.1789759,1.746306
768650914.190914,1.747976
768650915.865258,1.622664
768650915.877707,1.623115
768650917.50837,1.570175
768650917.520087,1.571281
768650919.140817,1.565856
768650919.152449,1.5654510000000001
768650920.9535841,1.748828
768650920.96488,1.7485179999999998
768650922.7265581,1.694947
768650922.726934,1.706529
768650924.5455339,1.7561499999999999
768650924.5573909,1.76695
768650926.455522,1.846074
768650926.46735,1.846164
768650928.072809,1.5538329999999998
768650928.080847,1.550235
768650929.78469,1.637372
768650929.7848669,1.645081
768650931.404443,1.561483
768650931.404518,1.562238
768650933.2132651,1.732262
768650933.2247419,1.743578
768650935.036816,1.745598
768650935.036872,1.756872
768650936.799527,1.7054340000000001
768650936.800029,1.7057369999999998
768650938.468595,1.593629
768650938.4688101,1.592765
768650940.283239,1.7517850000000001
768650940.293743,1.76101
768650942.050924,1.707762
768650942.079198,1.725483
768650943.739941,1.631807
768650943.740041,1.596974
768650945.666202,1.863319
768650945.666438,1.839333
768650947.407237,1.674791
768650947.4199771,1.686232
768650949.14328,1.672796
768650949.154792,1.6709019999999999
768650950.9143751,1.705056
768650950.9258009,1.704469
768650952.715058,1.725714
768650952.715309,1.737652
768650954.3924,1.610616
768650954.392655,1.609949
768650956.203753,1.74746
768650956.214969,1.7590819999999998
768650957.988561,1.719082
768650958.000172,1.718885
768650959.701865,1.644578
768650959.713858,1.667764
768650961.689969,1.924696
768650961.696551,1.9188129999999999
768650963.46285,1.6888770000000002
768650963.474157,1.7236829999999999
768650965.225349,1.694197
768650965.236445,1.716328
768650966.909041,1.606015
768650966.920282,1.6277220000000001
768650968.7029941,1.695304
768650968.714526,1.741902
768650970.415668,1.649622
768650970.427786,1.6499430000000002
768650972.297681,1.806101
768650972.309178,1.830203
768650974.341331,1.978082
768650974.3528781,1.976809
768650976.183707,1.767171
768650976.18503,1.7797349999999998
768650978.878072,2.625785
768650978.878563,2.629189
768650981.2525771,2.310486
768650981.26483,2.322504
768650983.592266,2.2602640000000003
768650983.593083,2.273996
768650985.989258,2.332608
768650986.000935,2.3444849999999997
768650987.826156,1.759368
768650987.838204,1.7827570000000001
768650989.804098,1.914428
768650989.816241,1.914439
768650991.6599851,1.779805
768650991.672178,1.804332
768650993.451322,1.715695
768650993.4513971,1.72827
768650995.035822,1.516582
768650995.036418,1.518256
768650996.73992,1.615708
768650996.7518879,1.6525839999999998
768650998.5117971,1.705783
768650998.5119021,1.693379
768651000.233652,1.6587830000000001
768651000.2454499,1.6697890000000002
768651002.0559859,1.756456
768651002.067448,1.7560900000000002
768651003.818481,1.6995580000000001
768651003.818616,1.687595
768651005.8197219,1.938374
768651005.819742,1.937256
768651007.6908491,1.804643
768651007.691265,1.787568
768651009.5397,1.7846819999999999
768651009.539881,1.785844
768651011.341617,1.734149
768651011.353309,1.7472340000000002
768651013.059398,1.6550639999999999
768651013.06707,1.650258
768651014.715955,1.582125
768651014.7168219,1.597572
768651016.4760389,1.696431
768651016.478335,1.705081
768651018.1874709,1.6491609999999999
768651018.203477,1.660968
768651020.057931,1.813175
768651020.059951,1.793161
768651021.854576,1.7298330000000002
768651021.8548659,1.7264059999999999
768651023.600547,1.6823789999999998
768651023.601158,1.682348
768651025.362105,1.691469
768651025.362505,1.686904
768651027.180841,1.7525259999999998
768651027.181222,1.7517850000000001
768651028.9177561,1.6728960000000002
768651028.929879,1.6862920000000001
768651030.70154,1.71766
768651030.713954,1.7172290000000001
768651032.5224761,1.744904
768651032.533988,1.76914
768651034.338756,1.741416
768651034.338907,1.752616
768651036.182305,1.779993
768651036.183143,1.7805119999999999
768651037.879613,1.643219
768651037.891074,1.6531969999999998
768651039.6471391,1.692191
768651039.647725,1.70451
768651041.286146,1.567018
768651041.298229,1.579901
768651043.014977,1.650012
768651043.015208,1.640309
768651044.6657519,1.587598
768651044.6779951,1.59952
768651046.441157,1.690497
768651046.453405,1.712657
768651048.082058,1.56494
768651048.085251,1.581072
768651049.843445,1.6910530000000001
768651049.8435661,1.694741
768651051.5752441,1.6678089999999999
768651051.575494,1.669077
768651053.406518,1.76723
768651053.418126,1.778817
768651055.276468,1.8033599999999999
768651055.276539,1.7918129999999999
768651057.1256901,1.785233
768651057.137202,1.797491
768651058.9638361,1.740297
768651058.964442,1.750045
768651060.7538149,1.7163169999999999
768651060.765567,1.7275260000000001
768651062.4174291,1.57813
768651062.4176149,1.5892460000000002
768651064.144396,1.662236
768651064.1518791,1.6705050000000001
768651065.7771441,1.566584
768651065.777269,1.559121
768651067.506307,1.6649429999999998
768651067.5064269,1.6664869999999998
768651069.19729,1.627646
768651069.2093381,1.639243
768651070.982252,1.706344
768651070.9825431,1.718909
768651072.779372,1.732855
768651072.779628,1.7336829999999999
768651074.5199059,1.67666
768651074.520252,1.677422
768651076.383246,1.799721
768651076.428912,1.845087
768651078.2214371,1.726661
768651078.233289,1.783719
768651080.123301,1.838818
768651080.136657,1.840321
768651081.863233,1.662122
768651081.876028,1.667534
768651083.7701839,1.8440189999999999
768651083.781952,1.842616
768651085.482781,1.655648
768651085.497948,1.652489
768651087.1110749,1.546723
768651087.122802,1.5803
768651088.7301509,1.554886
768651088.7321119,1.545928
768651090.497113,1.700436
768651090.52681,1.7095820000000002
768651092.211032,1.662259
768651092.280093,1.689279
768651093.818446,1.553087
768651093.830935,1.4845629999999999
768651095.495476,1.594503
768651095.496063,1.606135
768651097.145935,1.586144
768651097.158018,1.598397
768651099.0644779,1.85266
768651099.067941,1.84322
768651100.8016349,1.6732870000000002
768651100.817747,1.698194
768651103.3652999,2.504326
768651103.3774331,2.493568
768651105.779106,2.3389510000000002
768651105.7904531,2.3495310000000003
768651107.853579,2.007992
768651107.880595,2.023783
768651109.500383,1.589547
768651109.5118151,1.5442870000000002
768651111.245899,1.6673040000000001
768651111.245924,1.679516
768651113.052486,1.742774
768651113.064569,1.755453
768651114.900976,1.78199
768651114.912829,1.781514
768651116.6155291,1.65113
768651116.6269909,1.651065
768651118.448493,1.754596
768651118.459995,1.7778360000000002
768651120.15159,1.627856
768651120.1520259,1.6402299999999999
768651122.079188,1.859226
768651122.090173,1.872365
768651123.905984,1.77
768651123.932456,1.7850489999999999
768651125.572364,1.609216
768651125.572504,1.5830309999999999
768651127.4314691,1.791808
768651127.4316239,1.792891
768651129.325385,1.820071
768651129.325395,1.819697
768651131.214148,1.822043
768651131.214203,1.823381
768651133.0079061,1.71944
768651133.008026,1.7199929999999999
768651134.8731041,1.797301
768651134.882421,1.808517
768651136.5797241,1.639878
768651136.591311,1.661465
768651138.30383,1.6580110000000001
768651138.315767,1.657846
768651140.235468,1.856328
768651140.25569,1.8884480000000001
768651141.958266,1.656794
768651141.9586519,1.636151
768651143.7629839,1.7416809999999998
768651143.76304,1.740478
768651145.586301,1.759373
768651145.597191,1.7708089999999999
768651147.3576059,1.705071
768651147.357807,1.693594
768651149.524127,2.103053
768651149.5242571,2.102196
768651151.3895761,1.798158
768651151.389626,1.798428
768651153.257762,1.8048680000000001
768651153.25907,1.806001
768651155.2006171,1.875147
768651155.21263,1.887231
768651157.061711,1.785533
768651157.073459,1.8100550000000002
768651158.939625,1.811254
768651158.940281,1.800137
768651160.860684,1.858258
768651160.872356,1.867755
768651162.6123179,1.685495
768651162.612343,1.673793
768651164.5280099,1.85283
768651164.528065,1.851933
768651166.384343,1.7924550000000001
768651166.3959299,1.804658
768651168.212606,1.753369
768651168.2213961,1.7742019999999998
768651169.897389,1.617196
768651169.9091469,1.620695
768651171.6169591,1.656122
768651171.629097,1.6565729999999999
768651173.2711719,1.59088
768651173.2830089,1.566177
768651175.0822849,1.7327359999999998
768651175.093511,1.738765
768651176.839267,1.682113
768651176.851346,1.705557
768651178.736,1.829426
768651178.736235,1.8182800000000001
768651180.734794,1.935603
768651180.73499,1.9348889999999999
768651182.598916,1.807558
768651182.5989759,1.8065769999999999
768651184.429286,1.767314
768651184.42969,1.7669249999999999
768651186.210673,1.714112
768651186.2224851,1.73271
768651187.9915,1.717514
768651188.038672,1.752955
768651189.725258,1.650741
768651189.7418871,1.642112
768651191.651963,1.870205
768651191.652637,1.847694
768651193.636271,1.926218
768651193.647823,1.9386970000000001
768651195.507579,1.804988
768651195.519357,1.804939
768651197.431495,1.860543
768651197.4436929,1.861099
768651199.449896,1.951786
768651199.4608761,1.950758
768651201.4438039,1.9188239999999999
768651201.455547,1.942374
768651203.257574,1.747835
768651203.269486,1.7465169999999999
768651205.2478139,1.9264359999999998
768651205.247989,1.9156060000000001
768651207.031814,1.716719
768651207.043727,1.729703
768651208.946408,1.8393140000000001
768651208.9739319,1.860949
768651210.972041,1.934671
768651210.98438,1.9745489999999999
768651212.827638,1.779936
768651212.839085,1.803521
768651214.577083,1.671432
768651214.577203,1.683336
768651216.290498,1.6491609999999999
768651216.290558,1.649442
768651218.0874679,1.733828
768651218.1012651,1.746929
768651219.8274001,1.677251
768651219.872305,1.7065
768651221.7143401,1.7785520000000001
768651221.7143799,1.8310600000000001
768651223.6184391,1.8361759999999998
768651223.61887,1.814005
768651225.522729,1.840431
768651225.534486,1.852038
768651228.481179,2.892371
768651228.481705,2.880935
768651230.868669,2.324443
768651230.880843,2.335203
768651233.247309,2.3150269999999997
768651233.259402,2.315011
768651235.577932,2.2636269999999996
768651235.578017,2.2518
768651237.95165,2.310822
768651237.963468,2.321572
768651239.7163,1.69823
768651239.7163149,1.6863869999999999
768651241.464692,1.6847679999999998
768651241.464792,1.6844480000000002
768651243.378133,1.850485
768651243.378624,1.849628
768651245.170151,1.728746
768651245.181413,1.739305
768651246.775159,1.526876
768651246.7759761,1.538097
768651248.572179,1.732129
768651248.583977,1.7455260000000001
768651250.1831111,1.5473839999999999
768651250.194874,1.547594
768651251.784155,1.5375560000000001
768651251.78416,1.526089
768651253.552518,1.704971
768651253.552714,1.705076
768651255.396402,1.776542
768651255.396753,1.777354
768651257.230963,1.770942
768651257.2699211,1.809354
768651258.9635661,1.627721
768651258.973814,1.688304
768651260.643633,1.617481
768651260.6438279,1.628158
768651262.296863,1.589321
768651262.296958,1.590469
768651264.107414,1.733481
768651264.110537,1.737266
768651265.87035,1.7082849999999998
768651265.882303,1.716427
768651267.681463,1.735331
768651267.68215,1.726081
768651269.5586201,1.813774
768651269.559106,1.812461
768651271.571513,1.9458870000000001
768651271.583401,1.957684
768651273.480785,1.8339560000000001
768651273.492116,1.8568600000000002
768651275.3058959,1.746894
768651275.3186499,1.770684
768651277.0931181,1.710429
768651277.104745,1.7359529999999999
768651278.793624,1.634191
768651278.7936491,1.622158
768651280.594307,1.738058
768651280.6059891,1.7486769999999998
768651282.33178,1.6623219999999999
768651282.3319601,1.674527
768651284.117553,1.727667
768651284.131315,1.742106
768651285.9205071,1.7122629999999999
768651285.9207319,1.725797
768651287.760386,1.775998
768651287.760823,1.7774159999999999
768651289.50869,1.6700249999999999
768651289.510001,1.691539
768651291.4212,1.8523420000000002
768651291.4216009,1.8506900000000002
768651293.199716,1.720088
768651293.2104831,1.7328720000000002
768651295.085947,1.815656
768651295.086017,1.8267019999999998
768651296.892033,1.742548
768651296.9038111,1.753604
768651298.800543,1.841489
768651298.812807,1.842506
768651300.448952,1.585102
768651300.460238,1.583638
768651302.164763,1.651922
768651302.17653,1.6530589999999998
768651304.160887,1.920668
768651304.162486,1.934079
768651305.976441,1.7502259999999998
768651305.988804,1.759388
768651307.772704,1.7324599999999999
768651307.773516,1.72164
768651309.560944,1.723374
768651309.561525,1.725413
768651311.207098,1.578477
768651311.207248,1.580325
768651313.001878,1.730917
768651313.0131739,1.742343
768651314.696234,1.6275009999999999
768651314.707886,1.628157
768651316.561062,1.7894180000000002
768651316.561623,1.802292
768651318.396983,1.772408
768651318.397699,1.7711599999999998
768651320.1364751,1.675338
768651320.1381509,1.676608
768651321.9883779,1.7932270000000001
768651321.9894199,1.790744
768651323.820133,1.773398
768651323.831534,1.785522
768651325.694312,1.8106419999999999
768651325.694528,1.799782
768651327.478598,1.7067700000000001
768651327.479109,1.708251
768651329.2225821,1.681006
768651329.223187,1.6801940000000002
768651330.987165,1.705181
768651331.014177,1.7302929999999999
768651332.778085,1.68683
768651332.789938,1.744916
768651334.7685311,1.911963
768651334.7690921,1.925274
768651336.602978,1.769271
768651336.615036,1.783083
768651338.292312,1.623125
768651338.303964,1.6228900000000002
768651340.091197,1.72368
768651340.105776,1.726049
768651341.8127761,1.640295
768651341.824529,1.666617
768651343.6276541,1.751745
768651343.63903,1.751074
768651345.414001,1.722936
768651345.431014,1.7282199999999999
768651347.2331309,1.735281
768651347.2429659,1.7695239999999999
768651349.025906,1.725764
768651349.037934,1.74119
768651350.710324,1.605745
768651350.710715,1.6183390000000002
768651353.5228341,2.736935
768651353.534441,2.760414
768651355.80116,2.201253
768651355.8174781,2.210198
768651358.129111,2.2479299999999998
768651358.145149,2.286812
768651360.43014,2.238223
768651360.4415921,2.2392649999999996
768651362.204939,1.696241
768651362.205219,1.708739
768651363.9539269,1.684769
768651363.954563,1.686372
768651365.993838,1.9537650000000002
768651365.993873,1.949876
768651367.766471,1.705317
768651367.766817,1.705973
768651369.489364,1.6581160000000001
768651369.4900899,1.6595900000000001
768651371.1558701,1.600527
768651371.156667,1.599079
768651372.913087,1.693128
768651372.924644,1.70441
768651374.6942309,1.714839
768651374.695083,1.7038739999999999
768651376.5882671,1.82921
768651376.60012,1.842331
768651378.412787,1.7494450000000001
768651378.413539,1.762354
768651380.259017,1.78179
768651380.27101,1.793904
768651382.039877,1.714468
768651382.056162,1.717896
768651383.8992159,1.7679639999999999
768651383.909756,1.812774
768651385.703858,1.7468659999999998
768651385.715585,1.748532
768651387.481648,1.680299
768651387.481883,1.711796
768651389.222275,1.666297
768651389.233348,1.676532
768651390.959839,1.6774559999999998
768651390.976061,1.6828859999999999
768651392.752641,1.712936
768651392.7528089,1.735997
768651394.47059,1.660153
768651394.47086,1.660601
768651396.2203599,1.6860410000000001
768651396.232222,1.697122
768651397.991058,1.692396
768651397.991795,1.704881
768651399.5904781,1.536413
768651399.598873,1.543164
768651401.470196,1.807094
768651401.482314,1.828308
768651403.203869,1.655139
768651403.204034,1.667754
768651405.0028731,1.735662
768651405.014942,1.724411
768651406.71455,1.635487
768651406.714575,1.624958
768651408.528716,1.738661
768651408.53843,1.7486570000000001
768651410.135217,1.544092
768651410.143757,1.560362
768651411.817459,1.621789
768651411.8182931,1.631475
768651413.587255,1.702776
768651413.604676,1.73394
768651415.377916,1.7364629999999999
768651415.3784521,1.69874
768651417.199749,1.757112
768651417.211486,1.769997
768651418.906734,1.6407209999999999
768651418.910268,1.632021
768651420.671469,1.6970519999999998
768651420.678957,1.709467
768651422.472639,1.738118
768651422.481189,1.738048
768651424.167421,1.622288
768651424.201215,1.6657149999999998
768651425.8094051,1.541792
768651425.81368,1.5867609999999999
768651427.5535669,1.687231
768651427.566151,1.688622
768651429.3516899,1.721354
768651429.363127,1.745886
768651431.179141,1.7491519999999998
768651431.190916,1.7721230000000001
768651432.880515,1.632578
768651432.8908631,1.654689
768651434.618587,1.667917
768651434.619459,1.679309
768651436.3156389,1.632046
768651436.3157951,1.63401
768651438.1249729,1.744924
768651438.125625,1.746964
768651439.819781,1.630338
768651439.831528,1.643097
768651441.719921,1.8248900000000001
768651441.720407,1.837334
768651443.57878,1.792675
768651443.590628,1.802578
768651445.281967,1.63989
768651445.293659,1.639318
768651447.074747,1.726541
768651447.0749179,1.714422
768651448.9059329,1.7675690000000002
768651448.922385,1.783574
768651450.733238,1.770038
768651450.7452561,1.7596129999999999
768651452.73747,1.9170479999999999
768651452.75252,1.923416
768651454.584688,1.787775
768651454.5859389,1.767018
768651456.359035,1.715116
768651456.370672,1.7293720000000001
768651458.144058,1.697317
768651458.1547351,1.718827
768651459.808987,1.608117
768651459.8192309,1.607716
768651461.573479,1.697001
768651461.6159321,1.749598
768651463.2982349,1.658407
768651463.3097321,1.62714
768651465.04789,1.674184
768651465.059713,1.6978900000000001
768651466.837027,1.722843
768651466.848965,1.7216200000000002
768651468.708726,1.796284
768651468.720303,1.819738
768651470.626106,1.842631
768651470.63822,1.86582
768651472.493385,1.8034999999999999
768651472.505173,1.802798
768651474.591825,2.032204
768651474.619001,2.046771
768651476.438503,1.789197
768651476.450306,1.757863
768651478.896841,2.380408
768651478.907979,2.3794329999999997
768651481.3039911,2.3497879999999998
768651481.315045,2.350249
768651483.839013,2.474871
768651483.839449,2.463981
768651485.6618179,1.744733
768651485.6727991,1.755424
768651487.422268,1.682749
768651487.422694,1.694266
768651489.216291,1.7308860000000001
768651489.228595,1.7417820000000002
768651491.064616,1.7688199999999998
768651491.076358,1.7938319999999999
768651493.0948391,1.9666750000000002
768651493.1065919,1.966695
768651494.872419,1.699288
768651494.872925,1.711761
768651496.6990229,1.762294
768651496.71042,1.774292
768651498.425534,1.6511449999999999
768651498.4381729,1.675652
768651500.222123,1.733091
768651500.231971,1.729824
768651501.908416,1.619658
768651501.909283,1.60984
768651503.70707,1.734099
768651503.707601,1.73475
768651505.475414,1.704023
768651505.4873359,1.716057
768651507.2413509,1.699122
768651507.253219,1.699303
768651508.953999,1.63681
768651508.964439,1.659726
768651510.736773,1.712206
768651510.736913,1.72342
768651512.538964,1.744645
768651512.53906,1.745543
768651514.482636,1.885395
768651514.483197,1.88674
768651516.249576,1.690892
768651516.261403,1.702364
768651518.070011,1.712947
768651518.085857,1.759497
768651519.776001,1.648972
768651519.781,1.6202969999999999
768651521.7136511,1.8584999999999998
768651521.713887,1.8814739999999999
768651523.403046,1.621566
768651523.41586,1.635529
768651525.2382799,1.758516
768651525.250528,1.78423
768651527.0771769,1.760024
768651527.089185,1.78405
768651529.16099,2.0202150000000003
768651529.1724321,2.0195790000000002
768651531.034609,1.80752
768651531.047248,1.807845
768651532.848784,1.7374070000000001
768651532.8604009,1.762049
768651534.702221,1.774964
768651534.71452,1.7997919999999998
768651536.6883351,1.9106830000000001
768651536.698406,1.932556
768651538.550725,1.794901
768651538.562332,1.8163669999999998
768651540.480976,1.860972
768651540.4925779,1.884678
768651542.3399249,1.780632
768651542.340411,1.792184
768651544.246675,1.8328170000000001
768651544.256521,1.842227
768651546.0183791,1.702058
768651546.034855,1.727732
768651547.751934,1.676316
768651547.7639719,1.653465
768651549.493911,1.678194
768651549.506636,1.679205
768651551.310717,1.750627
768651551.311444,1.737958
768651553.20567,1.8296510000000001
768651553.2173381,1.842586
768651555.059142,1.774979
768651555.0705329,1.798077
768651556.822729,1.7000540000000002
768651556.82301,1.688623
768651558.688013,1.801836
768651558.699695,1.812857
768651560.5079119,1.7445979999999999
768651560.519799,1.768158
768651562.2423611,1.66819
768651562.2429471,1.6463079999999999
768651564.1366329,1.830292
768651564.151102,1.843925
768651566.028759,1.818078
768651566.0311,1.827661
768651567.884236,1.778391
768651567.895552,1.800238
768651569.754642,1.7875530000000002
768651569.755649,1.796474
768651571.422611,1.591172
768651571.433035,1.6122809999999999
768651573.135863,1.645486
768651573.143524,1.664153
768651574.907407,1.685758
768651574.9203191,1.724488
768651576.7670641,1.788614
768651576.768471,1.797536
768651578.564997,1.738334
768651578.581794,1.746227
768651580.266663,1.644664
768651580.279814,1.634226
768651582.06218,1.729473
768651582.074423,1.727618
768651583.864843,1.73901
768651583.877132,1.7389350000000001
768651585.79555,1.8668420000000001
768651585.807833,1.867219
768651587.670461,1.808221
768651587.683196,1.808492
768651589.438419,1.7041039999999998
768651589.439075,1.6925670000000002
768651591.257776,1.752371
768651591.270781,1.7642790000000002
768651593.0149281,1.6805539999999999
768651593.026264,1.704971
768651594.814544,1.714819
768651594.8148099,1.7223819999999999
768651596.639559,1.75076
768651596.639915,1.753985
768651598.318648,1.61549
768651598.323311,1.6185749999999999
768651600.104148,1.717164
768651600.111791,1.736324
768651606.40123,6.229329
768651606.4133029,6.234401
768651608.612831,2.144704
768651608.624763,2.145406
768651610.386236,1.697814
768651610.386486,1.709762
768651612.0770891,1.626979
768651612.080005,1.629049
768651613.7860191,1.641934
768651613.797846,1.6507290000000001
768651615.607666,1.7460419999999999
768651615.608568,1.758861
768651617.256426,1.585172
768651617.256767,1.584234
768651619.058879,1.7339280000000001
768651619.0707959,1.731141
768651620.974791,1.840341
768651620.986769,1.864873
768651622.808436,1.7541099999999998
768651622.819482,1.778954
768651624.692793,1.809005
768651624.703024,1.808083
768651626.621652,1.869397
768651626.625075,1.862147
768651628.558564,1.869653
768651628.5660009,1.881163
768651630.3323339,1.7062760000000001
768651630.3354111,1.71717
768651632.264654,1.868601
768651632.292178,1.892648
768651634.345427,1.9758760000000002
768651634.3617979,2.029687
768651636.261282,1.8359349999999999
768651636.2627779,1.825894
768651638.109792,1.785505
768651638.1101631,1.782656
768651639.871715,1.697799
768651639.872211,1.697975
768651641.848263,1.912068
768651641.848709,1.913632
768651643.669329,1.755082
768651643.669841,1.7536640000000001
768651645.4129499,1.677849
768651645.430311,1.697388
768651647.236006,1.7632940000000001
768651647.236211,1.738925
768651649.3997949,2.099931
768651649.404111,2.09548
768651651.214356,1.748292
768651651.214617,1.748973
768651653.118561,1.840131
768651653.130409,1.852439
768651654.856639,1.671709
768651654.857201,1.659355
768651656.8595741,1.937833
768651656.881546,1.9606939999999997
768651658.655778,1.7150539999999999
768651658.656364,1.729924
768651660.680443,1.95991
768651660.690385,1.9580320000000002
768651662.525585,1.7779200000000002
768651662.525801,1.7815839999999998
768651664.351743,1.761162
768651664.362979,1.773505
768651666.203325,1.784596
768651666.213043,1.783185
768651668.096449,1.8294959999999998
768651668.116813,1.8467449999999999
768651670.048285,1.8831309999999999
768651670.056129,1.878511
768651671.894043,1.780519
768651671.906292,1.794404
768651673.869284,1.900743
768651673.869995,1.8940210000000002
768651675.667511,1.732239
768651675.668103,1.7307460000000001
768651677.407724,1.67472
768651677.40811,1.677321
768651679.2555729,1.778476
768651679.255723,1.7807719999999998
768651681.130565,1.811032
768651681.142046,1.822479
768651683.074371,1.8656
768651683.086349,1.888889
768651684.979164,1.8297590000000001
768651684.989656,1.851745
768651686.740901,1.690918
768651686.7409511,1.701836
768651688.540158,1.735225
768651688.550534,1.7082709999999999
768651690.289013,1.6916259999999999
768651690.30616,1.69834
768651692.100951,1.755214
768651692.105646,1.7235740000000002
768651693.900216,1.738401
768651693.907753,1.7414869999999998
768651695.846323,1.883256
768651695.846714,1.874942
768651697.688654,1.777519
768651697.7003059,1.789739
768651699.575884,1.808402
768651699.5764799,1.821387
768651701.400017,1.761006
768651701.411108,1.7704389999999999
768651703.135329,1.657279
768651703.1360099,1.669468
768651704.973329,1.7730190000000001
768651704.985477,1.7869920000000001
768651706.865706,1.8262479999999999
768651706.865802,1.813463
768651708.80177,1.872416
768651708.813167,1.883556
768651710.656294,1.790625
768651710.6688441,1.792314
768651712.487785,1.767711
768651712.518216,1.786054
768651714.215223,1.630854
768651714.215518,1.661038
768651715.915327,1.636998
768651715.9156879,1.635634
768651717.7861841,1.807515
768651717.786229,1.806853
768651719.4993939,1.646224
768651719.511688,1.658999
768651721.54132,1.965733
768651721.553147,1.9899700000000002
768651723.269184,1.649231
768651723.280731,1.67252
768651725.37669,2.0441740000000004
768651725.381799,2.0370850000000003
768651727.634175,2.200773
768651727.6732,2.215852
768651730.006575,2.2756410000000002
768651730.018417,2.321109
768651732.303596,2.2075810000000002
768651732.3149021,2.229604
768651734.648776,2.273645
768651734.658655,2.294947
768651736.321857,1.606021
768651736.333825,1.62786
768651738.371421,1.983048
768651738.3717561,1.9702330000000001
768651740.1835409,1.747976
768651740.192266,1.756376
768651741.8599551,1.601214
768651741.872509,1.621737
768651743.61822,1.681842
768651743.618616,1.694983
768651745.3805139,1.6990569999999998
768651745.380574,1.697974
768651747.271042,1.824138
768651747.283251,1.8340509999999999
768651749.239206,1.8922970000000001
768651749.2507429,1.916197
768651751.081892,1.764745
768651751.094101,1.7885010000000001
768651752.840112,1.6824839999999999
768651752.851824,1.707211
768651754.666862,1.724712
768651754.667353,1.761042
768651756.5403659,1.810171
768651756.540827,1.809078
768651758.48943,1.8852719999999998
768651758.5020081,1.896795
768651760.3506529,1.791404
768651760.3609049,1.8146900000000001
768651762.334646,1.913324
768651762.335135,1.9246619999999999
768651764.434436,2.041935
768651764.4451289,2.053503
768651766.3399459,1.835487
768651766.340968,1.8468410000000002
768651768.1781429,1.779657
768651768.180408,1.782928
768651769.969702,1.728717
768651769.970294,1.731345
768651771.776204,1.7422570000000002
768651771.777026,1.74319
768651773.557633,1.717239
768651773.558084,1.716773
768651775.3834051,1.75821
768651775.384247,1.759593
768651777.2079899,1.759562
768651777.219697,1.772954
768651779.079428,1.793417
768651779.079989,1.805415
768651780.967245,1.824859
768651780.978822,1.834692
768651782.822019,1.788544
768651782.8222721,1.77654
768651784.656273,1.776928
768651784.67286,1.79282
768651786.467805,1.71991
768651786.480129,1.7664810000000002
768651788.363882,1.832583
768651788.3751719,1.8311659999999998
768651790.079662,1.656568
768651790.091209,1.655688
768651791.880015,1.736514
768651791.8805909,1.725409
768651793.64284,1.687292
768651793.6435219,1.686972
768651795.4463049,1.73692
768651795.4467261,1.735752
768651797.2866961,1.775104
768651797.2988601,1.7888419999999998
768651799.055987,1.690537
768651799.056453,1.7026560000000002
768651800.907454,1.7866609999999998
768651800.920524,1.801215
768651802.762514,1.787969
768651802.774081,1.787117
768651804.758533,1.920467
768651804.758803,1.909808
768651806.574306,1.752256
768651806.575043,1.752381
768651808.366676,1.729087
768651808.3791751,1.739938
768651810.527483,2.093832
768651810.527588,2.0808910000000003
768651812.25231,1.641909
768651812.264163,1.67239
768651814.2464089,1.9156769999999999
768651814.247737,1.929138
768651816.137223,1.827612
768651816.1377289,1.825893
768651817.981153,1.7766030000000002
768651817.992885,1.7885710000000001
768651819.788382,1.731889
768651819.8001341,1.7551629999999998
768651821.6253749,1.774032
768651821.6254,1.7618230000000001
768651823.429973,1.737837
768651823.429983,1.7374619999999998
768651825.538659,2.044793
768651825.5389601,2.045048
768651827.435747,1.8125470000000001
768651827.436293,1.83135
768651829.255771,1.756216
768651829.2564521,1.755974
768651831.0335959,1.711316
768651831.034037,1.710168
768651832.82377,1.7262899999999999
768651832.8238759,1.72628
768651834.6455029,1.7551279999999998
768651834.654178,1.7637880000000001
768651836.413355,1.695168
768651836.487217,1.7781559999999998
768651838.204241,1.7309510000000001
768651838.2077091,1.6546340000000002
768651839.972233,1.704239
768651839.97505,1.703027
768651841.7973491,1.706485
768651841.79794,1.68973
768651843.621387,1.757503
768651843.63336,1.767642
768651845.318828,1.611162
768651845.3453419,1.649665
768651847.0494571,1.67103
768651847.0570121,1.6418629999999999
768651848.971491,1.862289
768651848.9891679,1.882514
768651850.821063,1.795871
768651850.828089,1.761474
768651853.4536409,2.5804
768651853.492833,2.6071050000000002
768651855.425549,1.864427
768651855.436941,1.928991
768651857.2159339,1.715581
768651857.226914,1.737787
768651858.9824029,1.700165
768651858.994731,1.7007910000000002
768651860.814845,1.768403
768651860.8267779,1.7681879999999999
768651862.543541,1.664847
768651862.543637,1.652904
768651864.387576,1.780818
768651864.3990929,1.791131
768651866.11313,1.6474110000000002
768651866.124877,1.6711619999999998
768651867.917752,1.741105
768651867.930367,1.7417369999999999
768651869.785362,1.753269
768651869.7979211,1.8041019999999999
768651871.651588,1.79932
768651871.6520491,1.786616
768651873.554585,1.8394139999999999
768651873.5547,1.838452
768651875.4614711,1.8404610000000001
768651875.473845,1.851197
768651877.3440199,1.818926
768651877.355838,1.8182999999999998
768651879.2113839,1.7891370000000002
768651879.222996,1.812446
768651880.971908,1.697121
768651880.999223,1.7126590000000002
768651882.742628,1.710979
768651882.743335,1.677537
768651884.4723121,1.665288
768651884.472592,1.66586
768651886.182409,1.634173
768651886.194162,1.645635
768651887.9602361,1.6898279999999999
768651887.970868,1.711165
768651889.6829569,1.631779
768651889.683338,1.6388150000000001
768651891.724653,1.975345
768651891.724903,1.97489
768651893.588373,1.800498
768651893.600311,1.811158
768651895.4566691,1.789798
768651895.4567089,1.801646
768651897.390012,1.870051
768651897.40204,1.881407
768651899.5575349,2.088675
768651899.5588781,2.102236
768651901.3259331,1.702375
768651901.337515,1.715936
768651903.156047,1.751835
768651903.156379,1.764116
768651905.07713,1.86366
768651905.089303,1.875046
768651906.908039,1.764379
768651906.908304,1.752587
768651908.848524,1.867826
768651908.858603,1.877572
768651910.8396,1.9210690000000001
768651910.851763,1.942855
768651912.785402,1.870245
768651912.785547,1.882344
768651914.617092,1.7554619999999999
768651914.6171421,1.7550720000000002
768651916.560208,1.879528
768651916.571494,1.890282
768651918.388255,1.750276
768651918.388506,1.761437
768651920.152414,1.700415
768651920.1623521,1.710108
768651922.309046,2.0668990000000003
768651922.309397,2.080621
768651924.266756,1.894578
768651924.278864,1.905674
768651925.986015,1.6409770000000001
768651925.986145,1.6527239999999999
768651928.1470641,2.097355
768651928.151364,2.1016950000000003
768651930.042924,1.828709
768651930.046101,1.8270899999999999
768651932.028949,1.922818
768651932.035189,1.925489
768651933.81547,1.717019
768651933.815525,1.710709
768651935.627099,1.747756
768651935.628111,1.7490080000000001
768651948.840151,13.149595
768651948.852194,13.159944
768651963.983058,15.063260999999999
768651963.99496,15.088034
768651965.6788831,1.600192
768651965.724178,1.6348980000000002
768651967.5821099,1.7942690000000001
768651967.595066,1.852635
768651969.459243,1.8002630000000002
768651969.471271,1.8254059999999999
768651971.292422,1.754381
768651971.3046,1.7790080000000001
768651973.3764601,2.007861
768651973.3876569,2.031541
768651975.306686,1.852585
768651975.3192149,1.876881
768651977.644811,2.2614520000000002
768651977.656273,2.286159
768651979.521647,1.798639
768651979.522449,1.811218
768651981.406261,1.8191119999999998
768651981.417302,1.832177
768651983.245394,1.761126
768651983.2571521,1.784075
768651985.088778,1.7680669999999998
768651985.100931,1.7924099999999998
768651987.0103229,1.842551
768651987.022641,1.867474
768651988.839868,1.753624
768651988.851626,1.778122
768651990.651317,1.733577
768651990.662979,1.756591
768651992.332057,1.605474
768651992.343819,1.6286580000000002
768651994.1889011,1.781083
768651994.204212,1.8084710000000002
768651996.062986,1.8103710000000002
768651996.076216,1.808131
768651998.0542381,1.924778
768651998.066802,1.923645
768651999.902613,1.784676
768651999.915793,1.7846959999999998
768652001.767486,1.8014459999999999
768652001.780331,1.801075
768652003.6342679,1.8003069999999999
768652003.6469979,1.7997370000000001
768652005.4980141,1.800418
768652005.5103229,1.799796
768652007.184842,1.620614
768652007.197878,1.620053
768652008.8817401,1.633053
768652008.8936169,1.632236
768652010.6898661,1.741862
768652010.701603,1.740594
768652012.504668,1.739286
768652012.517047,1.740002
768652014.311651,1.7276189999999998
768652014.312448,1.740559
768652016.1015201,1.7266160000000002
768652016.114761,1.738682
768652017.905235,1.729708
768652017.907556,1.7390809999999999
768652019.6850779,1.713641
768652019.713356,1.751638
768652021.400915,1.61324
768652021.41738,1.675608
768652023.078423,1.6176190000000001
768652023.102427,1.6078240000000001
768652024.813439,1.65335
768652024.82659,1.675544
768652026.5850301,1.7055930000000001
768652026.585676,1.692461
768652028.300766,1.651591
768652028.31317,1.66402
768652030.083006,1.716653
768652030.0832069,1.702801
768652031.834075,1.686638
768652031.834651,1.688127
768652033.586551,1.688793
768652033.5867211,1.688497
768652035.168019,1.513994
768652035.208062,1.5546659999999999
768652036.9619509,1.6900870000000001
768652036.970984,1.750992
768652038.680426,1.6642199999999998
768652038.7097579,1.6839929999999999
768652040.379763,1.6476819999999999
768652040.390949,1.608857
768652042.125138,1.670582
768652042.1274021,1.674027
768652043.880642,1.691519
768652043.889913,1.710155
768652045.604637,1.626941
768652045.615101,1.671077
768652047.443965,1.762389
768652047.444557,1.7741770000000001
768652049.284186,1.776974
768652049.285349,1.7763220000000002
768652051.09885,1.748002
768652051.1010469,1.7475150000000002
768652052.8712599,1.706314
768652052.8826721,1.727218
768652054.618655,1.656455
768652054.619787,1.681681
768652056.471403,1.789159
768652056.48147,1.773611
768652058.240637,1.712033
768652058.26653,1.727765
768652059.961673,1.620574
768652059.962756,1.645052
768652061.6840899,1.630301
768652061.69491,1.637289
768652063.401219,1.650514
768652063.4118431,1.649988
768652065.2647821,1.8009490000000001
768652065.2669741,1.791206
768652066.930323,1.596307
768652066.93136,1.606766
768652068.853411,1.858187
768652068.864492,1.871268
768652070.7173121,1.7858640000000001
768652070.717327,1.797251
768652072.615232,1.834011
768652072.615844,1.83532
768652074.387339,1.7092559999999999
768652074.388171,1.7051360000000002
768652076.2596501,1.80766
768652076.271237,1.8202990000000001
768652078.083038,1.745998
768652078.086905,1.761317
768652079.9543289,1.803786
768652079.965746,1.826205
768652082.082832,2.040752
768652082.094143,2.037891
768652083.992424,1.843779
768652083.998299,1.837743
768652085.634278,1.547594
768652085.637773,1.553731
768652087.455634,1.760718
768652087.456602,1.7587460000000001
768652089.247457,1.716475
768652089.2597361,1.739672
768652091.1326281,1.8057310000000002
768652091.1333799,1.779258
768652092.968538,1.772593
768652092.981118,1.78389
768652094.766626,1.718763
768652094.7676079,1.731813
768652096.4034129,1.5715
768652096.450984,1.621141
768652098.255236,1.785529
768652098.259345,1.742383
768652100.082,1.759137
768652100.101077,1.7892050000000002
768652102.350599,2.202163
768652102.370233,2.2094929999999997
768652104.099822,1.685866
768652104.10966,1.682135
768652105.884384,1.707753
768652105.884394,1.717471
768652107.7201899,1.771943
768652107.732589,1.785508
768652109.497324,1.701247
768652109.508445,1.724817
768652111.256245,1.681456
768652111.2568669,1.693223
768652113.126786,1.805775
768652113.1384441,1.818896
768652115.106261,1.901538
768652115.10772,1.9141679999999999
768652116.9742271,1.802819
768652116.985513,1.816025
768652118.818848,1.7784719999999998
768652118.818958,1.767046
768652120.7039131,1.8208810000000002
768652120.704204,1.8219130000000001
768652122.429863,1.659971
768652122.4315159,1.659996
768652124.15713,1.661725
768652124.1581169,1.638877
768652125.862241,1.6366219999999998
768652125.874931,1.651441
768652127.6930549,1.767196
768652127.704772,1.766454
768652129.6602261,1.9032120000000001
768652129.661083,1.8915
768652131.513959,1.787377
768652131.514099,1.7856239999999999
768652133.237633,1.659635
768652133.2487191,1.670385
768652135.01413,1.6988210000000001
768652135.0268749,1.723439
768652136.7459639,1.668175
768652136.7584181,1.6679789999999999
768652138.595606,1.78641
768652138.596634,1.774512
768652140.352131,1.681424
768652140.3629041,1.690168
768652142.1780651,1.765935
768652142.1781851,1.755236
768652143.88026,1.628195
768652143.881147,1.630757
768652145.720073,1.7642879999999999
768652145.72019,1.762978
768652147.478575,1.6982659999999998
768652147.47874,1.697776
768652149.519603,1.9775499999999997
768652149.52443,1.9815399999999999
768652151.3186179,1.727228
768652151.4033251,1.815994
768652153.038634,1.66639
768652153.126012,1.659029
768652154.710974,1.617251
768652154.800211,1.6078290000000002
768652156.355378,1.593075
768652156.4420049,1.578256
768652158.058224,1.651316
768652158.148995,1.643432
768652159.7633,1.6531600000000002
768652159.856839,1.6443670000000001
768652161.465605,1.6510699999999998
768652161.560246,1.651767
768652163.1458579,1.626187
768652163.2360691,1.6218409999999999
768652164.748109,1.547269
768652164.846175,1.558297
768652166.237683,1.435864
768652166.330038,1.4292
768652167.711375,1.422588
768652167.803124,1.409778
768652169.238863,1.476493
768652169.2998531,1.4334879999999999
768652170.846397,1.553758
768652170.9381751,1.565255
768652172.433147,1.535737
768652172.53431,1.5326160000000002
768652174.093429,1.6065319999999998
768652174.184757,1.590402
768652175.749131,1.604778
768652175.843866,1.588287
768652177.286376,1.480037
768652177.359101,1.458491
768652178.848098,1.507916
768652178.923224,1.504143
768652180.532355,1.6335790000000001
768652180.622661,1.642267
768652182.072382,1.486818
768652182.16593,1.476579
768652183.715809,1.592644
768652183.8073651,1.577822
768652185.440997,1.6744299999999999
768652185.5314931,1.667623
768652187.1765239,1.6820629999999999
768652187.256711,1.6588939999999999
768652188.9115001,1.682683
768652189.003309,1.68314
768652190.557177,1.591882
768652190.6348231,1.564889
768652192.083096,1.475271
768652192.1576049,1.465625
768652193.743729,1.6067570000000002
768652193.81958,1.5956620000000001
768652195.467117,1.672976
768652195.561041,1.6840519999999999
768652197.167227,1.649456
768652197.2635211,1.638531
768652198.881088,1.660217
768652198.984464,1.652439
768652200.626613,1.6945720000000002
768652200.699565,1.651346
768652202.305528,1.628012
768652202.397663,1.6407349999999998
768652203.933229,1.576592
768652204.031214,1.570492
768652205.480814,1.4968460000000001
768652205.573404,1.4800010000000001
768652206.940874,1.406887
768652207.03335,1.402665
768652208.4642471,1.472444
768652208.555946,1.459033
768652210.104026,1.58639
768652210.179061,1.556911
768652211.769154,1.61452
768652211.862452,1.626503
768652213.4219539,1.602011
768652213.497265,1.5715320000000002
768652215.13993,1.664832
768652215.232415,1.675297
768652216.8813651,1.691389
768652216.939075,1.643718
768652218.5754559,1.6407909999999999
768652218.65045,1.644736
768652220.218367,1.5918569999999999
768652220.349933,1.642252
768652221.912382,1.640842
768652222.004,1.587507
768652223.396083,1.432907
768652223.501626,1.4339330000000001
768652225.089216,1.642605
768652225.184222,1.6246850000000002
768652227.211203,2.069048
768652227.2865051,2.0276780000000003
768652229.298383,2.012838
768652229.391721,2.0484050000000003
768652231.395162,2.043048
768652231.487246,2.028429
768652233.4318299,1.985905
768652233.523343,1.9725989999999998
768652235.458179,1.9756209999999998
768652235.5501629,1.9630820000000002
768652237.614085,2.105504
768652237.705994,2.0927089999999997
768652239.5810709,1.913742
768652239.673055,1.9001350000000001
768652241.231385,1.599445
768652241.323289,1.586511
768652242.873805,1.589001
768652242.966496,1.5767680000000002
768652244.5716699,1.647106
768652244.661193,1.63146
768652246.2161701,1.5907090000000002
768652246.305387,1.56104
768652247.682234,1.415492
768652247.72549,1.356589
768652249.2473041,1.4927110000000001
768652249.337604,1.5558589999999999
768652250.938663,1.637774
768652251.028632,1.624483
768652252.3387741,1.3490920000000002
768652252.463264,1.371103
768652254.08248,1.690191
768652254.175371,1.6457279999999999
768652255.779517,1.646228
768652255.872218,1.633099
768652257.3602179,1.530154
768652257.435631,1.5001369999999998
768652259.0419,1.6281519999999998
768652259.118428,1.6230140000000002
768652260.736456,1.644169
768652260.8258641,1.650312
768652262.287373,1.497673
768652262.36534,1.472606
768652263.782676,1.44492
768652263.873853,1.451383
768652265.439564,1.606436
768652265.530787,1.593171
768652266.956723,1.463724
768652267.050712,1.453244
768652268.669732,1.6623269999999999
768652268.759632,1.645231
768652270.387808,1.665078
768652270.481156,1.655822
768652271.864513,1.425826
768652271.9691321,1.424524
768652273.6095619,1.6946210000000002
768652273.7041731,1.655091
768652275.231188,1.567907
768652275.6144199,1.850636
768652276.741997,1.4472960000000001
768652277.101914,1.4155870000000002
768652278.196129,1.388529
768652278.553491,1.396493
768652279.929013,1.303556
768652279.9683471,1.709171
768652281.700014,1.640676
768652281.7122079,1.730773
768652283.484997,1.7012539999999998
768652283.4965891,1.729934
768652285.329312,1.780923
768652285.340408,1.779825
768652287.241816,1.8347879999999999
768652287.25441,1.8580619999999999
768652288.873065,1.543362
768652288.8852581,1.5695800000000002
768652290.47058,1.518847
768652290.482799,1.5430540000000001
768652292.303695,1.757082
768652292.314976,1.7808380000000001
768652294.041231,1.662928
768652294.0532391,1.686147
768652295.732204,1.626784
768652295.744974,1.627987
768652297.502733,1.69938
768652297.515487,1.696925
768652299.249586,1.6802430000000002
768652299.2619001,1.679536
768652301.049353,1.723674
768652301.060138,1.746622
768652302.875802,1.760249
768652302.8874689,1.7610320000000002
768652304.84135,1.9019
768652304.853052,1.9019
768652306.7680471,1.862834
768652306.779985,1.863696
768652308.545633,1.701403
768652308.557144,1.725409
768652310.419281,1.807675
768652310.4195421,1.794815
768652312.153119,1.6704
768652312.1547279,1.671243
768652314.024793,1.8032000000000001
768652314.0375481,1.818135
768652315.838788,1.7374669999999999
768652315.8508761,1.76243
768652317.635622,1.721063
768652317.6474199,1.74526
768652319.458553,1.756867
768652319.470345,1.75627
768652321.439211,1.90466
768652321.450382,1.928255
768652323.190645,1.673512
768652323.202943,1.696626
768652324.944249,1.677662
768652324.955861,1.7015419999999999
768652326.760083,1.7494640000000001
768652326.771274,1.749319
768652328.550727,1.727287
768652328.591115,1.756056
768652330.388578,1.739495
768652330.401849,1.7938749999999999
768652332.210239,1.74605
768652332.2184111,1.7417610000000001
768652333.964596,1.6945249999999998
768652333.9772509,1.698643
768652335.745188,1.7045560000000002
768652335.754991,1.727167
768652337.445869,1.6338279999999998
768652337.457506,1.6551770000000001
768652339.288646,1.752912
768652339.288891,1.764309
768652341.11094,1.758189
768652341.123624,1.771501
768652342.9200929,1.74317
768652342.9328179,1.742518
768652344.648939,1.665464
768652344.661273,1.664938
768652346.3467981,1.6344210000000001
768652346.347109,1.622213
768652348.0717961,1.66145
768652348.074788,1.664392
768652349.8120539,1.669764
768652349.8128049,1.674048
768652351.572544,1.696816
768652351.573301,1.6960250000000001
768652353.66634,2.018739
768652353.678383,2.0296619999999996
768652355.884391,2.1514759999999997
768652355.885233,2.140239
768652358.2030809,2.254019
768652358.216387,2.267986
768652360.444536,2.15178
768652360.4563531,2.175246
768652362.4739871,1.951309
768652362.474699,1.9635479999999998
768652364.323615,1.7848670000000002
768652364.334911,1.797266
768652366.030495,1.628839
768652366.064996,1.67486
768652367.65361,1.559457
768652367.6660689,1.53718
768652369.436307,1.719395
768652369.448475,1.718768
768652371.134883,1.632046
768652371.147567,1.632161
768652372.976318,1.76519
768652372.98647,1.7876940000000001
768652374.81347,1.767332
768652374.839705,1.803724
768652376.7115359,1.825359
768652376.7230589,1.825307
768652378.425138,1.656211
768652378.437682,1.657248
768652380.262583,1.761233
768652380.273304,1.784067
768652382.13334,1.810039
768652382.143379,1.8100150000000002
768652383.974606,1.784506
768652383.985135,1.7845739999999999
768652385.742239,1.688601
768652385.7686399,1.7024849999999998
768652387.384834,1.537213
768652387.3964261,1.594423
768652389.107131,1.659179
768652389.1188829,1.635384
768652390.894528,1.720667
768652390.906606,1.7210979999999998
768652392.585446,1.62726
768652392.597915,1.627711
768652394.35165,1.699999
768652394.3643141,1.699147
768652396.136351,1.708269
768652396.138296,1.7229420000000002
768652398.066406,1.860779
768652398.067178,1.864608
768652399.607159,1.4635340000000001
768652399.61596,1.4728059999999998
768652401.4459771,1.7747439999999999
768652401.457012,1.776838
768652403.2225939,1.698516
768652403.2230251,1.710313
768652405.0453739,1.758901
768652405.057227,1.770624
768652406.7332801,1.609488
768652406.733736,1.6213810000000002
768652408.473513,1.676885
768652408.4744,1.676344
768652410.15323,1.603855
768652410.153646,1.602947
768652411.824462,1.606957
768652411.825069,1.607634
768652413.5354489,1.636609
768652413.557952,1.6582700000000001
768652415.097465,1.507425
768652415.098046,1.485703
768652416.860254,1.693088
768652416.869195,1.7015339999999999
768652418.567712,1.643918
768652418.5692749,1.654037
768652420.165538,1.534755
768652420.1656129,1.5322790000000002
768652421.983758,1.7545659999999998
768652421.99543,1.766033
768652423.7962141,1.737451
768652423.807811,1.760374
768652425.503675,1.632171
768652425.503901,1.644676
768652427.239513,1.6685249999999998
768652427.24031,1.670104
768652429.049819,1.745485
768652429.061175,1.75833
768652430.741424,1.613283
768652430.741795,1.6248250000000002
768652432.4195269,1.6144049999999999
768652432.419608,1.613653
768652434.1528599,1.669724
768652434.164432,1.680995
768652435.8492961,1.621061
768652435.849907,1.633449
768652437.83889,1.926316
768652437.83915,1.924647
768652439.688206,1.781509
768652439.700159,1.795201
768652441.553856,1.7899280000000002
768652441.554794,1.802643
768652443.417662,1.7974130000000001
768652443.418757,1.796886
768652445.159258,1.688023
768652445.170469,1.686128
768652447.047616,1.806688
768652447.06005,1.8028689999999998
768652448.799651,1.684067
768652448.812005,1.6878060000000001
768652450.723462,1.836117
768652450.7322171,1.856564
768652452.527895,1.732186
768652452.5372161,1.733675
768652454.217334,1.635256
768652454.2182261,1.6149820000000001
768652455.928875,1.634335
768652455.94171,1.659675
768652457.7069759,1.7143169999999999
768652457.707768,1.676148
768652459.5949429,1.8198590000000001
768652459.595003,1.8219130000000001
768652461.471293,1.8126360000000001
768652461.4823331,1.823517
768652463.245254,1.696772
768652463.245715,1.707652
768652465.0620049,1.753469
768652465.0670619,1.757721
768652466.8289369,1.707043
768652466.855056,1.727238
768652468.64732,1.766587
768652468.687824,1.768955
768652470.472546,1.7615930000000002
768652470.4837971,1.7325249999999999
768652472.2702739,1.7344680000000001
768652472.31168,1.7643710000000001
768652474.013507,1.642107
768652474.014179,1.6890749999999999
768652475.685561,1.607423
768652475.698106,1.6196220000000001
768652478.305192,2.556188
768652478.318513,2.556905
768652480.676074,2.289878
768652480.685995,2.3031599999999997
768652482.9664431,2.220319
768652482.967541,2.22441
768652485.1368281,2.095932
768652485.149171,2.11714
768652486.799269,1.584409
768652486.800181,1.5837430000000001
768652488.5185031,1.654854
768652488.52986,1.6666070000000002
768652490.2308509,1.645502
768652490.2426139,1.646154
768652491.858296,1.5522
768652491.858958,1.5644339999999999
768652493.575456,1.651937
768652493.575501,1.654007
768652495.315999,1.672345
768652495.3167311,1.6745700000000001
768652497.100936,1.7211990000000001
768652497.112403,1.732515
768652498.842317,1.663349
768652498.843054,1.6759190000000002
768652500.6055809,1.6998469999999999
768652500.636824,1.730147
768652502.366836,1.65134
768652502.378113,1.7138710000000001
768652504.189281,1.758316
768652504.190559,1.747345
768652505.932752,1.665384
768652505.961946,1.693376
768652507.620181,1.6004960000000001
768652507.6205319,1.625993
768652509.3973701,1.7131049999999999
768652509.408947,1.724226
768652511.178438,1.704323
768652511.1899799,1.7059760000000002
768652512.869627,1.616029
768652512.8706189,1.6285029999999998
768652514.621462,1.68279
768652514.6322271,1.69599
768652516.349481,1.664186
768652516.349531,1.653972
768652518.162178,1.748457
768652518.163,1.75015
768652519.928552,1.701297
768652519.939372,1.7133450000000001
768652521.6670151,1.639268
768652521.668419,1.676479
768652523.3497541,1.613638
768652523.360955,1.62749
768652525.245409,1.820801
768652525.2572471,1.844039
768652526.9315261,1.620184
768652526.932323,1.608326
768652528.7188079,1.7232580000000002
768652528.718868,1.723458
768652530.447339,1.664467
768652530.459958,1.677898
768652532.115356,1.6050520000000001
768652532.1455389,1.621492
768652533.87635,1.706715
768652533.876771,1.664357
768652535.579762,1.6392579999999999
768652535.580844,1.640816
768652537.270119,1.627124
768652537.27063,1.625451
768652539.058355,1.7224009999999998
768652539.058652,1.721124
768652540.803026,1.6922249999999999
768652540.813647,1.702817
768652542.464744,1.61001
768652542.481004,1.615361
768652544.152046,1.635283
768652544.1623751,1.617016
768652545.886581,1.667709
768652545.89914,1.669659
768652547.787152,1.837224
768652547.799626,1.837434
768652549.726679,1.863726
768652549.737795,1.886825
768652551.5404379,1.746793
768652551.551724,1.746863
768652553.3002241,1.696107
768652553.326849,1.711681
768652555.1164421,1.7231429999999999
768652555.127225,1.76705
768652556.895576,1.710704
768652556.907067,1.727052
768652558.698214,1.7243499999999998
768652558.710182,1.747631
768652560.3469009,1.579153
768652560.352281,1.5903639999999999
768652561.980107,1.576646
768652561.984056,1.568227
768652563.755512,1.7182600000000001
768652563.767254,1.696271
768652565.54293,1.712237
768652565.555644,1.736519
768652567.2986081,1.690056
768652567.310581,1.687916
768652569.03178,1.656879
768652569.03186,1.669323
768652570.799442,1.700149
768652570.8119509,1.713611
768652572.682512,1.806758
768652572.6849,1.812662
768652574.4072089,1.66521
768652574.40771,1.661645
768652576.228059,1.7443140000000001
768652576.228669,1.746451
768652577.872309,1.585513
768652577.8833901,1.594565
768652579.554271,1.6185049999999999
768652579.5656071,1.6188
768652581.2266771,1.597441
768652581.23079,1.594072
768652582.96085,1.674065
768652582.9720911,1.6748150000000002
768652584.753479,1.7294980000000002
768652584.764585,1.728611
768652586.522544,1.691058
768652586.5350839,1.715104
768652588.216044,1.62947
768652588.2280409,1.62954
768652590.144003,1.86168
768652590.171438,1.87629
768652591.7765721,1.5755439999999998
768652591.7894061,1.554225
768652593.554031,1.713917
768652593.554527,1.700971
768652595.282763,1.651925
768652595.282964,1.661296
768652597.046004,1.70531
768652597.047778,1.7070539999999998
768652598.8183731,1.713296
768652598.8588179,1.744297
768652600.70968,1.7933599999999998
768652600.7105681,1.82741
768652603.191245,2.417074
768652603.2037809,2.437076
768652605.658842,2.397457
768652605.67081,2.4156910000000003
768652607.5635879,1.825567
768652607.589346,1.864219
768652609.354424,1.7082359999999999
768652609.36543,1.7382630000000001
768652611.066055,1.633331
768652611.077301,1.645236
768652612.826445,1.6856410000000002
768652612.838388,1.6840119999999998
768652614.601198,1.711441
768652614.613367,1.711505
768652616.377781,1.7135010000000002
768652616.389423,1.711762
768652618.216719,1.772783
768652618.21723,1.760726
768652620.03595,1.754356
768652620.040797,1.760936
768652621.842082,1.731793
768652621.842448,1.737476
768652623.628562,1.7220849999999999
768652623.64025,1.7338580000000001
768652625.303564,1.6110119999999999
768652625.3037289,1.599611
768652626.961395,1.59054
768652626.962167,1.5917679999999998
768652628.745014,1.718442
768652628.7564061,1.731739
768652630.731696,1.9000620000000001
768652630.732819,1.910884
768652632.551719,1.7548119999999998
768652632.56181,1.766779
768652634.245026,1.623497
768652634.252175,1.6403489999999998
768652636.053044,1.7507620000000002
768652636.0619049,1.734768
768652637.900908,1.780602
768652637.9011381,1.7715509999999999
768652639.7156041,1.7506430000000002
768652639.716095,1.7510780000000001
768652641.57123,1.791126
768652641.5829581,1.80301
768652643.3342761,1.6967009999999998
768652643.335088,1.68528
768652645.0727551,1.673618
768652645.083761,1.668281
768652646.8695,1.719249
768652646.8816379,1.741471
768652648.5148109,1.581688
768652648.5276309,1.581694
768652650.252784,1.661059
768652650.2643609,1.686548
768652651.988927,1.661239
768652651.989439,1.654768
768652653.6906099,1.608506
768652653.693292,1.619155
768652655.415377,1.6616300000000002
768652655.430327,1.6701599999999999
768652657.2138059,1.735151
768652657.2146081,1.720386
768652658.954515,1.664995
768652658.954525,1.664043
768652660.6846889,1.6635490000000002
768652660.696406,1.674645
768652662.36399,1.60097
768652662.36414,1.610476
768652664.1107279,1.6787530000000002
768652664.1215409,1.6901439999999999
768652665.720688,1.548808
768652665.73223,1.571116
768652667.6868371,1.8907889999999998
768652667.6868521,1.902396
768652669.5119079,1.761182
768652669.5123839,1.761688
768652671.204715,1.624789
768652671.20473,1.626528
768652672.771509,1.503732
768652672.783628,1.5150730000000001
768652674.474716,1.601224
768652674.475032,1.636832
768652676.2034321,1.664822
768652676.212553,1.673803
768652678.003118,1.73262
768652678.01444,1.735207
768652679.604753,1.515373
768652679.605275,1.525896
768652681.4009919,1.732184
768652681.412569,1.743952
768652683.121469,1.63308
768652683.121982,1.6441610000000002
768652684.7598679,1.5808980000000001
768652684.772834,1.594008
768652686.5685669,1.7380900000000001
768652686.584985,1.768173
768652688.335472,1.710062
768652688.346688,1.686172
768652690.03091,1.618043
768652690.0315111,1.629404
768652691.860897,1.7657829999999999
768652691.8609519,1.7661630000000001
768652693.642887,1.718748
768652693.643042,1.7176850000000001
768652695.4218,1.7116069999999999
768652695.422381,1.712969
768652697.184791,1.698742
768652697.195892,1.710168
768652698.925079,1.662222
768652698.9258959,1.674941
768652700.723478,1.720931
768652700.73514,1.734422
768652702.387188,1.588322
768652702.399096,1.588871
768652704.160941,1.710404
768652704.164225,1.701054
768652705.811503,1.591688
768652705.81224,1.587647
768652707.513567,1.63729
768652707.5414821,1.6661009999999998
768652709.179192,1.608487
768652709.190122,1.5914650000000001
768652710.973029,1.7163169999999999
768652710.984922,1.7389949999999998
768652712.7306631,1.694676
768652712.742806,1.694406
768652714.559196,1.762029
768652714.559216,1.749249
768652716.298968,1.676495
768652716.31062,1.68748
768652718.1214069,1.755849
768652718.1332899,1.755554
768652719.892502,1.695494
768652719.893078,1.7081629999999999
768652721.5972171,1.6163239999999999
768652721.628104,1.672841
768652723.4027519,1.738996
768652723.402808,1.708572
768652725.17873,1.719362
768652725.189183,1.7288130000000002
768652727.4021281,2.1531979999999997
768652727.4028339,2.164605
768652729.071067,1.61043
768652729.083189,1.62392
768652730.706036,1.5747820000000001
768652730.717282,1.574373
768652732.322952,1.552956
768652732.334679,1.553879
768652734.0677451,1.6691779999999998
768652734.067805,1.681105
768652735.8643489,1.7324899999999999
768652735.876392,1.7456049999999999
768652737.823442,1.883567
768652737.8354199,1.907908
768652739.448827,1.547309
768652739.449343,1.5591059999999999
768652741.419341,1.906259
768652741.430547,1.9176410000000002
768652743.286053,1.789192
768652743.2974269,1.812007
768652745.127061,1.784258
768652745.1528881,1.798324
768652746.888611,1.674652
768652746.899673,1.696896
768652748.520364,1.5748209999999998
768652748.532151,1.575084
768652750.4459641,1.8468799999999999
768652750.457085,1.870152
768652752.1879591,1.684857
768652752.203968,1.689501
768652754.058752,1.811569
768652754.059128,1.776455
768652755.838708,1.704261
768652755.8499241,1.71509
768652757.5806351,1.6670420000000001
768652757.5922971,1.690016
768652759.356826,1.709526
768652759.357388,1.6981190000000002
768652761.167954,1.747169
768652761.180509,1.7598340000000001
768652763.000423,1.766639
768652763.001676,1.754491
768652764.7532,1.6875010000000001
768652764.7649671,1.7019540000000002
768652766.520105,1.7001600000000001
768652766.532118,1.7007809999999999
768652768.19028,1.606562
768652768.192705,1.5969339999999999
768652770.122802,1.866404
768652770.123103,1.8630490000000002
768652771.779338,1.599324
768652771.79089,1.609904
768652773.648193,1.8048
768652773.659142,1.804691
768652775.883166,2.1753649999999998
768652775.8947531,2.175782
768652777.564978,1.618429
768652777.57673,1.6183239999999999
768652779.500821,1.857566
768652779.501693,1.870085
768652781.2258639,1.6597199999999999
768652781.237671,1.673643
768652783.126851,1.8227149999999999
768652783.138558,1.8459539999999999
768652784.880294,1.677486
768652784.892002,1.678124
768652786.697471,1.750256
768652786.697582,1.738874
768652788.612186,1.850656
768652788.612607,1.852034
768652790.49023,1.814375
768652790.490295,1.814044
768652792.1926141,1.638686
768652792.201951,1.647813
768652794.1438689,1.874851
768652794.1442441,1.8843130000000001
768652796.0607331,1.853677
768652796.07692,1.868371
768652797.868052,1.724146
768652797.879474,1.7518010000000002
768652799.69805,1.755073
768652799.710073,1.778046
768652801.576033,1.8144660000000001
768652801.576339,1.802503
768652803.448254,1.804532
768652803.448569,1.805886
768652805.3730509,1.861039
768652805.373157,1.86141
768652807.277006,1.836407
768652807.277131,1.837129
768652809.117552,1.776743
768652809.128688,1.787814
768652811.0737679,1.87857
768652811.073908,1.889601
768652812.934211,1.796529
768652812.946128,1.808507
768652814.79523,1.783077
768652814.806865,1.782856
768652816.6126649,1.760478
768652816.6401261,1.776158
768652818.218603,1.500566
768652818.230801,1.559094
768652819.942064,1.634222
768652819.953483,1.671389
768652821.692859,1.6939609999999998
768652821.6930441,1.6546969999999999
768652823.466585,1.7062430000000002
768652823.478878,1.719038
768652825.2560221,1.725709
768652825.267684,1.724927
768652826.932251,1.60989
768652826.932852,1.5972549999999999
768652828.6169499,1.6205289999999999
768652828.617265,1.620614
768652830.407409,1.726476
768652830.419262,1.738278
768652832.1648179,1.6821080000000002
768652832.173895,1.7028320000000001
768652833.768427,1.543922
768652833.785076,1.551471
768652835.430484,1.6052980000000001
768652835.4431729,1.570262
768652837.213677,1.7197250000000002
768652837.2250229,1.717911
768652839.120332,1.840256
768652839.132059,1.840241
768652840.941378,1.7450569999999999
768652840.953602,1.745679
768652842.616564,1.596037
768652842.616575,1.590223
768652844.438969,1.759112
768652844.450621,1.769817
768652846.23647,1.719635
768652846.2370759,1.732014
768652848.142213,1.842897
768652848.144599,1.843038
768652849.968938,1.760475
768652849.969323,1.7572320000000001
768652851.7256191,1.6926269999999999
768652851.737211,1.704078
768652854.037658,2.248361
768652854.038149,2.237451
768652856.468084,2.346905
768652856.480162,2.375077
768652858.815049,2.28025
768652858.8301051,2.283127
768652860.886083,2.0073600000000003
768652860.898697,2.0047989999999998
768652862.5003221,1.535095
768652862.500543,1.5471739999999998
768652864.291413,1.727007
768652864.302745,1.738529
768652865.999356,1.641242
768652865.999376,1.629901
768652867.566761,1.503331
768652867.578714,1.5157250000000002
768652869.155281,1.512377
768652869.1664369,1.536353
768652870.939677,1.70645
768652870.940264,1.7181060000000001
768652872.755241,1.752402
768652872.755667,1.750392
768652874.494722,1.673688
768652874.495128,1.665812
768652876.269817,1.710685
768652876.281188,1.70835
768652878.050724,1.714793
768652878.0509701,1.69399
768652879.826535,1.7115310000000001
768652879.852281,1.737744
768652881.562513,1.652414
768652881.562724,1.672736
768652883.344794,1.715385
768652883.3450749,1.714588
768652885.2062991,1.7978020000000001
768652885.217831,1.809349
768652886.976006,1.702751
768652886.976442,1.692116
768652888.726673,1.68724
768652888.7268679,1.686157
768652890.585497,1.795316
768652890.59744,1.806964
768652892.4072651,1.745756
768652892.419047,1.770143
768652894.127065,1.65296
768652894.1271,1.641513
768652895.8440391,1.6533660000000001
768652895.844159,1.653211
768652897.656173,1.748414
768652897.667155,1.759946
768652899.493157,1.756692
768652899.49442,1.7671679999999999
768652901.396781,1.840371
768652901.4094,1.85049
768652903.097842,1.634757
768652903.098724,1.621912
768652904.798378,1.637824
768652904.798688,1.636296
768652906.68671,1.8250950000000001
768652906.687051,1.8250950000000001
768652908.462075,1.71094
768652908.4774489,1.719055
768652910.136008,1.604369
768652910.150422,1.621842
768652911.9402909,1.752243
768652911.940887,1.726476
768652913.735456,1.706275
768652913.765897,1.7387139999999999
768652915.47829,1.6886780000000001
768652915.478912,1.646139
768652917.219455,1.677457
768652917.2308719,1.684562
768652919.07005,1.772027
768652919.070351,1.783584
768652920.8801111,1.7453189999999998
768652920.891958,1.757002
768652922.819963,1.873127
768652922.820079,1.8613849999999998
768652924.702267,1.818179
768652924.714476,1.830838
768652926.3706629,1.6054229999999998
768652926.371014,1.59311
768652928.169988,1.735562
768652928.1700629,1.735797
768652929.864806,1.627044
768652929.865086,1.628352
768652931.596183,1.666456
768652931.607886,1.679687
768652933.2620829,1.602211
768652933.27346,1.6018700000000001
768652935.016354,1.687395
768652935.028051,1.688277
768652936.690367,1.610455
768652936.702551,1.610471
768652938.4971449,1.727463
768652938.4974811,1.7405439999999999
768652940.241137,1.679512
768652940.292613,1.732173
768652941.9827031,1.635226
768652941.983044,1.687671
768652943.740512,1.693679
768652943.741003,1.694341
768652945.40563,1.601013
768652945.416515,1.611969
768652947.061615,1.578276
768652947.1005621,1.606056
768652948.7674301,1.603031
768652948.80637,1.6925160000000001
768652950.433534,1.611588
768652950.445146,1.572663
768652952.160005,1.651587
768652952.169482,1.671954
768652953.909319,1.672651
768652953.909394,1.6824430000000001
768652955.681797,1.7086700000000001
768652955.694266,1.721334
768652957.407722,1.662777
768652957.4081429,1.6503130000000001
768652959.08795,1.612725
768652959.0884911,1.613287
768652960.803124,1.6510850000000001
768652960.8035251,1.650845
768652962.480942,1.6109609999999999
768652962.492408,1.6216920000000001
768652964.278528,1.731503
768652964.289358,1.733658
768652966.043928,1.698736
768652966.0538509,1.6978799999999998
768652967.7393941,1.638389
768652967.751472,1.640066
768652969.477763,1.67469
768652969.478204,1.662897
768652971.191056,1.633661
768652971.201051,1.642998
768652972.9028339,1.654779
768652972.951979,1.693589
768652974.673298,1.6547129999999999
768652974.673814,1.704029
768652976.359124,1.620951
768652976.37045,1.634011
768652978.821503,2.384233
768652978.834529,2.4084950000000003
768652981.150663,2.252441
768652981.162195,2.2774140000000003
768652983.410666,2.192902
768652983.422539,2.193153
768652985.537384,2.063175
768652985.548249,2.061982
768652987.249642,1.634597
768652987.250158,1.6458679999999999
768652988.768419,1.454523
768652988.76868,1.4545919999999999
768652990.469521,1.637122
768652990.469556,1.6372330000000002
768652992.042208,1.5092700000000001
768652992.042494,1.5093649999999998
768652993.839264,1.727768
768652993.851667,1.738203
768652995.6856741,1.783199
768652995.696575,1.7806149999999998
768652997.500893,1.7580099999999999
768652997.540666,1.787263
768652999.340556,1.779728
768652999.341202,1.739563
768653001.191516,1.777091
768653001.203635,1.7902440000000002
768653003.001729,1.721771
768653003.0022221,1.732796
768653004.778762,1.718262
768653004.7790071,1.719962
768653006.514109,1.672169
768653006.52559,1.682429
768653008.330915,1.741083
768653008.3426219,1.7422469999999999
768653010.147075,1.714904
768653010.159078,1.7612269999999999
768653011.953251,1.742784
768653011.9655501,1.7428540000000001
768653013.794945,1.749785
768653013.795833,1.7399769999999999
768653015.5797421,1.718813
768653015.580664,1.717164
768653017.394554,1.7488670000000002
768653017.406567,1.763276
768653019.2131389,1.752061
768653019.22415,1.751163
768653021.124809,1.848273
768653021.1341151,1.846591
768653022.89783,1.713352
768653022.898126,1.703981
768653024.6615831,1.687909
768653024.671902,1.699222
768653026.504705,1.77976
768653026.504881,1.7684440000000001
768653028.323331,1.754972
768653028.334387,1.7653059999999998
768653030.125904,1.7358230000000001
768653030.137721,1.73696
768653031.9173859,1.716377
768653031.9179829,1.7286249999999999
768653036.117754,4.13711
768653036.1212269,4.138794000000001
768653039.737098,3.547131
768653039.778314,3.593724
768653043.328642,3.526754
768653043.376103,3.534812
768653046.7617071,3.363854
768653046.8018861,3.359143
768653049.538494,2.7082930000000003
768653049.585073,2.692291
768653052.33171,2.733792
768653052.368931,2.717168
768653054.724572,2.334602
768653054.726392,2.28596
768653057.361478,2.5782700000000003
768653057.4107931,2.631609
768653059.700706,2.2818690000000004
768653059.721636,2.244754
768653062.0652809,2.310661
768653062.08286,2.308893
768653064.363261,2.255237
768653064.3858589,2.242397
768653066.481701,2.0622570000000002
768653066.484535,2.0301899999999997
768653068.481468,1.9603030000000001
768653068.4867389,1.966033
768653070.496585,1.9727590000000002
768653070.534147,2.010744
768653072.734444,2.167955
768653072.761983,2.174408
768653074.724461,1.9388770000000002
768653074.763808,1.959358
768653076.767066,1.990586
768653076.801193,1.9708130000000001
768653078.7022899,1.8988340000000001
768653078.7589021,1.9012980000000002
768653080.684692,1.930513
768653080.702078,1.891183
768653083.006358,2.265133
768653083.006715,2.28775
768653085.1698871,2.1232759999999997
768653085.1716111,2.1237489999999997
768653087.240836,2.026599
768653087.2821571,2.069934
768653089.330899,2.037455
768653089.3767151,2.041359
768653091.357851,1.966069
768653091.380462,1.964332
768653093.348941,1.929249
768653093.397524,2.000103
768653095.461015,2.00712
768653095.500733,2.0963420000000004
768653097.781835,2.227543
768653097.82681,2.312301
768653099.967867,2.146518
768653100.031972,2.148534
768653102.684419,2.638181
768653103.377157,3.2894159999999997
768653106.589814,3.15586
768653106.590381,3.8660500000000004
768653110.275886,3.6292709999999997
768653110.308274,3.661591
768653112.439443,2.116918
768653113.120469,2.75651
768653115.186901,2.689384
768653115.9109341,2.731486
768653118.0620869,2.8211809999999997
768653118.603458,2.646846
768653120.749205,2.088013
768653120.7767799,2.65802
768653122.963912,2.15752
768653123.676828,2.843537
768653125.1664331,2.159138
768653126.4672301,2.736691
768653127.54784,2.324508
768653128.962714,2.452835
768653129.811379,2.219035
768653131.681947,2.660681
768653132.201271,2.349851
768653133.9569861,2.221324
768653134.4858979,2.228074
768653136.0979819,2.08447
768653136.444528,1.904464
768653138.171216,2.0168019999999998
768653138.560517,2.071485
768653140.3716271,2.1468540000000003
768653140.767898,2.152859
768653142.268894,1.854699
768653142.816499,1.9825709999999999
768653144.367005,2.035692
768653144.91206,2.035795
768653146.735757,2.312746
768653147.135698,2.167027
768653148.900944,2.0986849999999997
768653149.442761,2.252992
768653151.21034,1.854703
768653151.7858181,2.285403
768653153.2648729,2.019202
768653154.269913,2.429985
768653155.2556989,1.934801
768653156.520129,2.193133
768653157.35798,2.0251259999999998
768653158.888459,2.333199
768653159.323683,1.9284180000000002
768653161.013651,2.0917470000000002
768653161.469606,2.080944
768653163.40364,2.354533
768653163.895851,2.369824
768653165.59854,2.1411300000000004
768653166.02037,2.070668
768653167.330747,1.6971200000000002
768653168.114853,2.038595
768653169.46842,2.103933
768653170.141177,1.986528
768653171.3579711,1.832648
768653172.216525,2.0215680000000003
768653173.447958,2.035796
768653174.3172281,2.0444809999999998
768653175.5107629,2.006307
768653176.6676021,2.29719
768653177.533283,1.981741
768653178.7828081,2.076086
768653179.7771031,2.1814400000000003
768653181.230383,2.386583
768653181.740566,1.893992
768653183.589858,2.303966
768653183.9704939,2.16849
768653185.725407,2.082249
768653185.743955,1.680607
768653187.592921,1.7922840000000002
768653187.632588,1.851442
768653189.615692,1.969752
768653189.6225431,1.936765
768653191.69629,2.0249449999999998
768653191.7594991,2.08255
768653193.701252,1.969822
768653193.720557,1.920484
768653195.77022,2.011604
768653195.783912,2.007731
768653197.804933,1.9805830000000002
768653197.8591701,2.0221050000000003
768653200.063444,2.2199910000000003
768653200.103778,2.188657
768653202.185191,2.0663579999999997
768653202.2237,2.063446
768653204.417019,2.140154
768653204.41774,2.180749
768653206.624976,2.1519220000000003
768653206.625156,2.150258
768653208.766889,2.087858
768653208.766914,2.088093
768653210.8597571,2.036426
768653210.906793,2.082996
768653212.790861,1.89366
768653212.875092,1.8909639999999999
768653215.065984,2.2205570000000003
768653215.080333,2.1474710000000004
768653217.6474609,2.513624
768653217.6812251,2.5619620000000003
768653219.877067,2.1917299999999997
768653219.886168,2.151611
768653221.957133,2.0387489999999997
768653221.9962801,2.069822
768653224.4171879,2.404986
768653224.4383669,2.386072
768653226.433753,1.9599410000000002
768653227.499525,3.005053
768653229.307613,2.8345330000000004
768653230.666146,3.12601
768653232.190045,2.83945
768653234.0939701,3.37215
768653235.087931,2.841694
768653237.021568,2.88507
768653237.41135,2.279207
768653239.5264621,2.045767
768653239.5304561,2.448722
768653241.9062539,2.3203899999999997
768653241.9373319,2.3577630000000003
768653244.4252759,2.461006
768653244.45507,2.471101
768653246.7319881,2.2499350000000002
768653246.741996,2.2309360000000003
768653249.624945,2.829214
768653249.6261779,2.840756
768653252.441931,2.7592559999999997
768653252.4707431,2.7894170000000003
768653255.153661,2.6265720000000004
768653255.15522,2.657309
768653257.809461,2.601604
768653257.821505,2.614093
768653260.792654,2.927308
768653260.829706,2.951618
768653263.3656731,2.517475
768653263.952499,3.0686950000000004
768653265.750245,2.347129
768653266.495912,2.495474
768653268.625005,2.821141
768653269.309202,2.7515080000000003
768653271.349761,2.668269
768653272.059263,2.69455
768653274.400962,2.998324
768653274.440159,2.313098
768653277.517741,3.060543
768653277.527745,3.0295009999999998
768653280.6635829,3.089601
768653280.6668351,3.0711229999999996
768653284.197117,3.46698
768653284.217149,3.490484
768653287.342242,3.0866740000000004
768653287.368338,3.0827839999999997
768653290.233215,2.808717
768653290.902308,3.496253
768653292.814511,2.513078
768653293.5065709,2.532057
768653294.981532,2.098343
768653296.157457,2.597709
768653297.0499951,2.0313660000000002
768653298.767225,2.5524739999999997
768653299.687633,2.579237
768653301.615099,2.782857
768653302.538252,2.7958369999999997
768653304.0920321,2.426143
768653305.240521,2.645256
768653307.384739,3.2418159999999996
768653307.8232961,2.525724
768653309.774826,2.336197
768653309.786187,1.921095
768653312.137669,2.295368
768653312.1648409,2.311825
768653314.2027739,2.0221660000000004
768653314.251713,2.044164
768653316.718559,2.413166
768653316.727828,2.47129
768653318.867713,2.0924720000000003
768653318.868009,2.0970329999999997
768653321.0922251,2.170967
768653321.093227,2.171047
768653323.0918239,1.957118
768653323.109268,1.973169
768653325.358961,2.227605
768653325.360093,2.2111959999999997
768653327.8745639,2.4579139999999997
768653327.886111,2.4712300000000003
768653330.749779,2.8055630000000003
768653330.779881,2.8441460000000003
768653333.171621,2.335063
768653333.18195,2.3894889999999998
768653335.7644581,2.535935
768653335.766574,2.528516
768653338.093499,2.288446
768653338.100953,2.293972
768653340.323502,2.1801120000000003
768653340.3364921,2.199918
768653342.9643681,2.584575
768653342.9712889,2.552496
768653345.513675,2.494625
768653345.514993,2.49012
768653347.908944,2.337433
768653347.93086,2.360858
768653350.300689,2.337849
768653350.31416,2.287848
768653353.315535,2.958664
768653353.354541,2.980983
768653356.862666,3.450772
768653356.877336,3.5188319999999997
768653360.4173189,3.499949
768653360.441571,3.5078620000000003
768653363.856434,3.38709
768653363.8872911,3.379852
768653366.619619,2.71733
768653366.620958,2.668725
768653370.0186471,3.341204
768653370.01974,3.338527
768653373.295377,3.219067
768653373.326665,3.256943
768653376.8527831,3.465818
768653376.881139,3.487333
768653380.127108,3.2056459999999998
768653380.1294091,3.167707
768653383.805861,3.6139769999999998
768653383.816245,3.62155
768653387.036484,3.166258
768653387.045741,3.165485
768653390.1218001,3.020867
768653390.123399,3.0309820000000003
768653392.458956,2.270485
768653392.497779,2.305369
768653395.052874,2.546225
768653395.086127,2.529912
768653398.218853,3.078525
768653398.253348,3.146006
768653401.5269669,3.216551
768653401.527704,3.251798
768653404.8267571,3.2433639999999997
768653404.838865,3.253332
768653408.471654,3.564097
768653408.47886,3.585262
768653411.846781,3.323398
768653411.855632,3.325151
768653414.5411761,2.6216500000000003
768653414.541697,2.63003
768653417.826112,3.224169
768653417.867333,3.267229
768653421.690452,3.755768
768653421.6919351,3.8076429999999997
768653425.888755,4.11837
768653425.9310981,4.157436
768653429.368719,3.3702189999999996
768653429.371781,3.416387
768653433.3911569,3.9437070000000003
768653433.4002479,3.9545589999999997
768653437.020277,3.55281
768653437.0504941,3.590347
768653440.5717599,3.4522519999999997
768653440.582888,3.5078639999999996
768653444.218407,3.5752789999999997
768653444.226504,3.597623
768653447.460569,3.181658
768653447.461686,3.1780850000000003
768653451.338317,3.8086610000000003
768653451.3401519,3.80626
768653454.969918,3.57395
768653454.980798,3.588009
768653458.1612611,3.1246020000000003
768653458.1713591,3.122231
768653461.265014,3.034677
768653461.28496,3.06372
768653464.918758,3.566777
768653464.944409,3.6218
768653468.599776,3.614177
768653468.60138,3.602096
768653472.1020631,3.43517
768653472.102849,3.439851
768653475.904767,3.729424
768653475.941765,3.771073
768653479.906208,3.944154
768653479.9264749,3.9271979999999997
768653482.906911,2.9333419999999997
768653482.9302219,2.936579
768653485.658397,2.6683470000000002
768653485.750243,2.776938
768653488.0377971,2.330959
768653488.070107,2.2609459999999997
768653490.760162,2.663012
768653490.895823,2.768417
768653493.253902,2.438804
768653493.281198,2.3094270000000003
768653495.582563,2.281178
768653496.138247,2.808078
768653497.693238,2.056299
768653499.1249729,2.929382
768653499.940076,2.1901960000000003
768653501.9898,1.9963749999999998
768653502.028738,2.8268500000000003
768653504.085405,2.055594
768653504.634073,2.558592
768653506.165892,2.023905
768653507.123736,2.433318
768653508.172549,1.9684220000000001
768653510.0214951,2.8574669999999998
768653510.434837,2.205968
768653512.289684,1.7869979999999999
768653512.324168,2.246638
768653514.204437,1.875243
768653514.278424,1.911648
768653516.084018,1.827516
768653516.712443,2.380957
768653518.215142,2.09317
768653519.282789,2.527622
768653520.66771,2.414419
768653522.029757,2.693834
768653522.884748,2.1605019999999997
768653524.495189,2.409827
768653525.168716,2.22991
768653527.088864,2.537745
768653527.422388,2.2135179999999997
768653529.118205,1.9760670000000002
768653529.4879969,2.0269429999999997
768653530.96682,1.792514
768653531.5242239,1.979412
768653532.799378,1.7963040000000001
768653533.4574959,1.895209
768653535.318135,2.479053
768653536.01234,2.4865579999999996
768653537.72078,2.3362819999999997
768653538.0890399,2.034596
768653539.7329401,1.955933
768653540.136165,2.009042
768653541.6916981,1.917869
768653542.242882,2.0503549999999997
768653543.8931301,2.145116
768653544.326314,2.0302279999999997
768653546.135232,2.188111
768653546.578441,2.196145
768653548.655356,2.039119
768653548.6857569,2.4944640000000002
768653551.2470961,2.50528
768653551.2751119,2.563706
768653553.457731,2.170064
768653553.457871,2.105173
768653555.9759469,2.459804
768653556.0157429,2.500187
768653558.88459,2.850549
768653558.91661,2.856861
768653562.791318,3.850342
768653562.791995,3.821966
768653566.215795,3.366329
768653566.216901,3.369275
768653569.6514,3.3807989999999997
768653569.6527281,3.379801
768653572.909827,3.187944
768653572.944289,3.2269349999999997
768653576.505102,3.493366
768653576.513932,3.547624
768653580.733513,4.146401
768653580.7374381,4.16579
768653584.2419599,3.448385
768653584.255637,3.464737
768653587.286601,2.962629
768653587.2937629,2.98438
768653591.30258,3.9448030000000003
768653591.30715,3.9640480000000005
768653594.658475,3.2801940000000003
768653594.660024,3.273565
768653597.651616,2.922331
768653597.676474,2.951358
768653600.686574,2.967196
768653600.716299,2.980657
768653604.521175,3.7758179999999997
768653604.531063,3.7579670000000003
768653607.8958689,3.307889
768653607.8964809,3.317847
768653610.422904,2.462846
768653610.42311,2.461773
768653612.948148,2.464921
768653612.955649,2.473917
768653615.666839,2.663591
768653615.667016,2.670687
768653618.614617,2.902848
768653618.650371,2.939604
768653621.827961,3.159207
768653621.8594539,3.155093
768653624.679597,2.794806
768653624.734776,2.81896
768653626.9706991,2.2485589999999998
768653627.00074,2.209435
768653629.9094421,2.8979909999999998
768653629.936409,2.891378
768653632.8452101,2.8621839999999996
768653632.857444,2.901572
768653635.3520229,2.438179
768653635.3854909,2.483845
768653638.2483389,2.842781
768653638.291885,2.852408
768653640.849236,2.544255
768653640.886112,2.5269049999999997
768653643.203574,2.2977760000000003
768653643.237262,2.292384
768653645.706678,2.39279
768653645.707255,2.436683
768653648.306578,2.54177
768653648.317694,2.553477
768653651.80897,3.43499
768653651.810133,3.447524
768653654.412639,2.5508610000000003
768653654.9410499,3.076792
768653656.774876,2.301133
768653657.289425,2.284221
768653659.1241139,2.293254
768653659.722155,2.3757129999999997
768653661.682526,2.5206299999999997
768653662.233243,2.453963
768653664.153044,2.414548
768653664.728184,2.438293
768653666.4790521,2.269691
768653666.9776629,2.184129
768653669.059454,2.526858
768653669.131303,2.099264
768653671.062408,1.851286
768653671.0902339,1.9847839999999999
768653672.93207,1.83101
768653672.967618,1.815188
768653674.812645,1.8243790000000002
768653674.876868,1.853182
768653676.71552,1.796265
768653676.7858349,1.911522
768653678.510807,1.759684
768653678.5659361,1.713635
768653680.521539,1.9138709999999999
768653680.578107,2.0329580000000003
768653682.524701,1.96028
768653682.536994,1.902341
768653684.607692,2.0146
768653684.6106939,2.0238959999999997
768653686.6112479,1.958445
768653686.623662,1.9790329999999998
768653688.6644349,2.001166
768653688.6727339,1.9958630000000002
768653690.689917,1.970079
768653690.701895,1.974184
768653692.8007339,2.046896
768653692.8094931,2.068026
768653695.074604,2.232959
768653695.108243,2.2603150000000003
768653697.232965,2.071136
768653697.278041,2.1499919999999997
768653699.219613,1.948822
768653699.726929,2.395209
768653701.278126,2.004924
768653701.90194,2.12137
768653703.236174,1.919707
768653704.246294,2.284633
768653705.497838,2.22267
768653706.447641,2.158594
768653708.0407411,2.5004020000000002
768653708.58127,2.079944
768653710.321959,2.223824
768653710.6905309,2.05316
768653712.29114,1.915947
768653712.799218,2.067988
768653714.241281,1.894311
768653714.819178,1.963718
768653716.406921,2.11018
768653716.984117,2.111341
768653718.482896,2.033726
768653719.117774,2.095149
768653720.888593,2.365277
768653721.2781299,2.106912
768653722.9112691,1.9662590000000002
768653723.265897,1.931857
768653725.4662839,2.501999
768653726.042373,2.740012
768653728.24212,2.736089
768653728.801578,2.718484
768653730.319525,2.0217289999999997
768653730.927343,2.069455
768653732.206116,1.848926
768653733.1725321,2.1915839999999998
768653734.270409,2.024721
768653735.1901109,1.9612779999999999
768653736.547673,2.223679
768653737.293316,2.03786
768653738.832248,2.228691
768653739.438549,2.105817
768653740.784029,1.886147
768653741.75075,2.274388
768653742.856841,2.016717
768653743.945308,2.134869
768653744.926602,2.0121800000000003
768653745.935296,1.943941
768653747.005804,2.0231709999999996
768653748.11405,2.139456
768653749.1828489,2.1237
768653750.1050841,1.951602
768653751.121359,1.882359
768653752.123491,1.9811059999999998
768653753.291718,2.110859
768653754.080174,1.917485
768653755.312464,1.9801549999999999
768653756.124004,2.006449
768653757.362289,1.996785
768653758.062214,1.881337
768653759.5392491,2.137369
768653759.852328,1.7280799999999998
768653761.530111,1.93671
768653762.039116,2.133128
768653763.7422479,2.155725
768653764.290835,2.195208
768653765.906613,2.109259
768653766.283586,1.934488
768653767.791117,1.8285090000000002
768653768.265783,1.944569
768653769.617471,1.775012
768653770.125388,1.803936
768653771.675661,2.0203550000000003
768653772.363546,2.185046
768653773.868909,2.155914
768653774.3954581,1.992512
768653776.59683,2.3063710000000004
768653776.605916,2.156924
768653778.970899,2.317266
768653778.982546,2.3219410000000003
768653781.153843,2.118133
768653781.4931049,2.469113
768653783.0878371,1.877963
768653783.695098,2.164984
768653784.88696,1.7352990000000001
768653785.721779,1.991685
768653786.771611,1.848616
768653787.862031,2.103269
768653788.663131,1.8276620000000001
768653789.981041,2.0656160000000003
768653790.702117,1.983183
768653792.0583841,2.021357
768653792.539196,1.796818
768653794.1464219,2.031291
768653794.542655,1.9608120000000002
768653796.016047,1.81649
768653796.624364,2.017681
768653797.8236641,1.7641989999999999
768653798.4997859,1.833113
768653799.749847,1.88758
768653800.561868,2.021812
768653801.722266,1.9190539999999998
768653802.89254,2.251398
768653803.644688,1.866768
768653805.205077,2.275089
768653805.635825,1.937763
768653807.419008,2.157834
768653807.7527801,2.060871
768653809.281741,1.808823
768653809.6036389,1.815793
768653811.052816,1.714824
768653811.391235,1.750852
768653812.999913,1.8954790000000001
768653813.638613,2.213169
768653814.9091121,1.870881
768653815.323452,1.6475140000000001
768653816.8580351,1.895617
768653817.498242,2.1213349999999997
768653818.7737931,1.876501
768653819.617612,2.061896
768653820.675271,1.864779
768653821.9095299,2.254431
768653823.239292,2.507959
768653824.409087,2.4434050000000003
768653825.695167,2.418422
768653827.17153,2.7230930000000004
768653827.9614199,2.210109
768653829.383642,2.158813
768653829.7998921,1.8005289999999998
768653831.5931181,2.15386
768653831.903328,2.0474780000000004
768653833.409895,1.7767119999999998
768653833.906907,1.9658649999999998
768653835.298548,1.847506
768653835.858162,1.895742
768653837.3663291,2.0287640000000002
768653837.794507,1.89858
768653839.3244561,1.9025960000000002
768653839.760306,1.924355
768653841.233783,1.875491
768653841.912176,2.112877
768653843.0881,1.818458
768653844.158307,2.189189
768653844.8853711,1.7421959999999999
768653846.15823,1.934472
768653846.543724,1.62165
768653848.5654861,2.353537
768653848.894006,2.301909
768653850.403611,1.782283
768653850.928327,1.978521
768653852.890345,2.448606
768653853.570903,2.607646
768653855.105653,2.176843
768653856.1505799,2.542896
768653857.750738,2.586535
768653859.114639,2.921831
768653860.1733,2.366211
768653861.258332,2.080214
768653862.3499141,2.120765
768653863.363724,2.050304
768653864.360847,1.9578659999999999
768653865.576978,2.172974
768653866.476225,2.0697379999999996
768653867.63875,2.019358
768653868.516947,1.9872980000000002
768653870.00396,2.324425
768653870.508691,1.935738
768653872.362764,1.8011089999999998
768653872.437212,2.37683
768653874.058038,1.640712
768653874.604951,2.101265
768653875.741087,1.649259
768653876.611353,1.962284
768653877.621229,1.8462100000000001
768653878.582148,1.9268429999999999
768653879.753799,2.083992
768653880.6012859,1.966139
768653881.816867,2.027687
768653882.700189,2.032539
768653883.813524,1.938405
768653884.614141,1.850675
768653885.977958,2.126931
768653886.378785,1.706085
768653887.9327451,1.898797
768653888.305643,1.889725
768653889.889086,1.9031829999999998
768653890.255695,1.911435
768653891.802329,1.8573979999999999
768653892.395458,2.0842780000000003
768653893.5944201,1.755944
768653894.109681,1.6766260000000002
768653895.492468,1.862463
768653896.0734789,1.91037
768653897.984068,2.456738
768653898.43537,2.324225
768653900.290622,2.269929
768653900.751069,2.258299
768653902.541414,2.194952
768653903.034813,2.227397
768653904.6355909,2.041214
768653905.448283,2.361269
768653906.8470811,2.155606
768653907.823786,2.319276
768653908.86051,1.9603210000000002
768653910.1374689,2.259919
768653910.795121,1.879016
768653912.658556,2.446463
768653912.668033,1.819522
768653914.5742921,1.85039
768653914.589653,1.874445
768653916.587025,1.9439920000000002
768653916.6224021,1.99651
768653918.4792819,1.837529
768653918.528049,1.850032
768653920.720667,2.184791
768653920.7287151,2.165619
768653923.1434989,2.368316
768653923.154309,2.3712579999999996
768653925.395043,2.18763
768653925.794945,2.598451
768653927.4418861,1.9911109999999999
768653927.989039,2.151915
768653929.617287,2.140811
768653930.146058,2.0826949999999997
768653931.713212,2.053811
768653932.2051679,2.003413
768653933.752562,1.9567780000000001
768653934.35705,2.1087219999999998
768653935.915174,2.108431
768653936.525571,2.1148450000000003
768653938.125353,2.157202
768653938.665758,2.08453
768653940.028418,1.860818
768653940.5305251,1.824178
768653942.225933,2.155645
768653942.729348,2.156827
768653944.0956731,1.829825
768653944.583775,1.81386
768653946.088512,1.951811
768653946.547448,1.9258089999999999
768653948.074514,1.932913
768653948.558785,1.9737169999999997
768653950.067095,1.954973
768653950.657811,2.043689
768653951.9265729,1.82229
768653952.4619701,1.766876
768653953.95215,1.9895310000000002
768653954.581509,2.063701
768653956.036745,2.046704
768653956.587554,1.968725
768653958.117472,2.042399
768653958.451585,1.808221
768653960.0618751,1.891405
768653960.527105,2.039412
768653961.9847829,1.8683809999999998
768653962.545915,1.9794100000000001
768653963.761318,1.725223
768653964.6274221,2.028114
768653965.692253,1.894824
768653966.535331,1.868422
768653967.657411,1.909301
768653968.520931,1.9236
768653969.717067,2.0223250000000004
768653970.816442,2.239707
768653971.667244,1.8940210000000002
768653972.863941,1.9945599999999999
768653973.683655,1.9509569999999998
768653974.96739,2.0642650000000002
768653975.5997981,1.860007
768653977.3672891,2.346866
768653978.50137,2.848125
768653979.842056,2.436587
768653981.251991,2.711639
768653982.437833,2.543614
768653984.0890931,2.780636
768653985.237282,2.743474
768653986.904706,2.75807
768653988.089124,2.795962
768653989.9566181,2.998543
768653990.70291,2.5581660000000004
768653992.352715,2.340302
768653992.8963029,2.149129
768653994.37366,1.9788240000000001
768653995.3595029,2.4170849999999997
768653996.357355,1.9306379999999999
768653997.676918,2.273502
768653998.568723,2.1667
768653999.963353,2.2304500000000003
768654000.564273,1.9519
768654002.3246131,2.2864999999999998
768654002.807022,2.186833
768654004.5242699,2.1432640000000003
768654005.195239,2.335324
768654007.069649,2.505881
768654007.080289,1.847834
768654009.189716,2.05635
768654009.205282,2.082414
768654011.1680341,1.941557
768654011.183696,1.939074
768654013.273146,2.052043
768654013.3172491,2.08044
768654015.4671841,2.094395
768654015.5240589,2.214987
768654017.8389621,2.331674
768654018.3612111,2.783813
768654019.916965,2.0358210000000003
768654020.879225,2.475857
768654022.1459609,2.176193
768654023.5523859,2.630951
768654024.326627,2.124631
768654026.521586,2.915064
768654026.925031,2.555561
768654029.159945,2.1811439999999997
768654029.185485,2.607718
768654031.32166,2.122358
768654031.718585,2.476858
768654033.260952,1.8790339999999999
768654033.3159399,1.543645
768654034.830552,1.457896
768654034.842515,1.515943
768654036.523109,1.621859
768654036.59219,1.704425
768654037.956364,1.379543
768654037.959364,1.301251
768654039.509765,1.487243
768654039.521883,1.520758
768654041.327523,1.754406
768654041.34048,1.752518
768654042.961218,1.567591
768654042.9752841,1.5741500000000002
768654044.714106,1.689586
768654044.7264199,1.6937790000000001
768654046.508556,1.731177
768654046.53085,1.741408
768654048.279681,1.691711
768654048.291559,1.719765
768654050.06784,1.7018980000000001
768654050.085212,1.728682
768654051.7788501,1.647472
768654051.790402,1.648149
768654053.591915,1.7387299999999999
768654053.618685,1.764845
768654055.344329,1.659114
768654055.3561311,1.704615
768654057.1292361,1.72156
768654057.140712,1.720792
768654058.8772869,1.659017
768654058.877663,1.6821220000000001
768654060.619985,1.6779279999999999
768654060.631908,1.690868
768654062.363225,1.631367
768654062.389431,1.705984
768654064.158777,1.727574
768654064.178498,1.731452
768654065.77456,1.536092
768654065.82195,1.59728
768654067.5722721,1.686388
768654067.584821,1.735332
768654069.396104,1.760295
768654069.4078821,1.759719
768654071.0512689,1.588901
768654071.052011,1.577344
768654072.733351,1.6177979999999998
768654072.74549,1.6301919999999999
768654074.5554249,1.755794
768654074.555691,1.742929
768654076.288516,1.668566
768654076.334739,1.715496
768654077.897278,1.542938
768654077.939406,1.537671
768654079.51894,1.5666689999999999
768654079.5660789,1.56307
768654081.18962,1.559672
768654081.190633,1.617176
768654082.923168,1.6681650000000001
768654082.95407,1.696791
768654084.698704,1.70641
768654084.703514,1.680364
768654086.304688,1.5465900000000001
768654086.320334,1.550451
768654087.9277279,1.550519
768654087.9915221,1.6073579999999998
768654089.761093,1.7772039999999998
768654089.808192,1.718958
768654091.5298771,1.702364
768654091.584013,1.689219
768654093.017756,1.420097
768654093.157768,1.509982
768654094.286853,1.241767
768654094.8718079,1.647926
768654095.6551851,1.305549
768654096.384924,1.456134
768654096.821296,1.136118
768654097.822547,1.37183
768654098.1061571,1.253401
768654099.4534911,1.306493
768654099.465093,1.5791780000000002
768654101.045601,1.529895
768654101.132596,1.586079
768654102.854177,1.7775779999999999
768654103.383536,2.1847809999999996
768654104.414686,1.530683
768654105.5012311,2.060346
768654106.0100869,1.5646760000000002
768654107.259453,1.679956
768654107.585476,1.545124
768654109.1552119,1.843758
768654109.161186,1.5453590000000001
768654110.8165951,1.623986
768654110.902611,1.692229
768654112.133821,1.28718
768654112.19054,1.210471
768654113.614531,1.43056
768654113.622203,1.365871
768654115.0843099,1.4224400000000001
768654115.2028569,1.5281150000000001
768654116.682612,1.567251
768654116.695166,1.440105
768654118.383558,1.635281
768654118.458282,1.6964160000000001
768654119.7850081,1.371719
768654119.8604479,1.3382610000000001
768654121.235069,1.3109330000000001
768654121.260534,1.445432
768654122.8906649,1.579607
768654122.902452,1.5965479999999999
768654124.665804,1.7047500000000002
768654124.666521,1.699648
768654126.375203,1.643623
768654126.440798,1.707526
768654128.072718,1.568252
768654128.0914071,1.6547580000000002
768654130.00421,1.8458979999999998
768654130.0189711,1.879983
768654131.6043841,1.5430229999999998
768654131.6775169,1.5951540000000002
768654133.0062879,1.37157
768654133.017444,1.2874830000000002
768654134.6546781,1.557248
768654134.66652,1.593712
768654136.496503,1.7663
768654136.507835,1.790142
768654138.317875,1.757644
768654138.329938,1.776384
768654140.0619969,1.680695
768654140.075524,1.682213
768654141.696578,1.541133
768654141.78309,1.6546429999999999
768654143.383092,1.656501
768654143.3834879,1.5368840000000001
768654145.138615,1.6913390000000001
768654145.150648,1.703933
768654146.919884,1.7153349999999998
768654146.9200239,1.702199
768654148.63373,1.649842
768654148.684303,1.700385
768654150.695001,1.9979429999999998
768654150.707289,1.959569
768654152.5977321,1.8396700000000001
768654152.6090479,1.8377599999999998
768654154.341388,1.665419
768654154.3420789,1.6775419999999999
768654155.975358,1.570718
768654155.975448,1.569114
768654157.8432931,1.7755500000000002
768654157.843589,1.7792540000000001
768654159.604923,1.693809
768654159.609877,1.699692
768654161.4553001,1.788408
768654161.467268,1.810581
768654163.1833199,1.641757
768654163.195839,1.661939
768654165.0864869,1.826875
768654165.097834,1.8509900000000001
768654166.940385,1.787178
768654166.9408059,1.7759710000000002
768654168.776371,1.772823
768654168.776852,1.749409
768654170.576744,1.736559
768654170.57738,1.737747
768654172.289783,1.64867
768654172.301821,1.660758
768654174.012781,1.656248
768654174.012836,1.644455
768654175.710815,1.634196
768654175.710886,1.634637
768654177.495301,1.721123
768654177.507089,1.732475
768654179.259009,1.695905
768654179.270676,1.696912
768654181.07779,1.731104
768654181.08811,1.753079
768654182.75022,1.601529
768654182.761636,1.623764
768654184.458568,1.6447
768654184.4706609,1.645106
768654186.318094,1.781044
768654186.318627,1.7701909999999998
768654187.965009,1.589966
768654187.97617,1.600417
768654189.789318,1.727333
768654189.8015169,1.7471539999999999
768654191.6085651,1.752412
768654191.6090311,1.7405089999999999
768654193.4506251,1.7782220000000002
768654193.451121,1.778693
768654195.235692,1.717234
768654195.236188,1.7189379999999999
768654196.98436,1.684509
768654196.984926,1.68544
768654198.7091321,1.656598
768654198.709989,1.658067
768654200.46836,1.694827
768654200.4806429,1.7080579999999999
768654202.29324,1.745536
768654202.304616,1.770313
768654204.151332,1.783103
768654204.151487,1.79485
768654205.9060841,1.687786
768654205.906224,1.6875
768654207.704612,1.710914
768654207.716285,1.746557
768654209.547554,1.767456
768654209.54761,1.779424
768654211.409576,1.794394
768654211.410578,1.79688
768654213.244045,1.7699070000000001
768654213.248846,1.7760600000000002
768654214.939542,1.630507
768654214.939908,1.640712
768654216.7051619,1.701563
768654216.752266,1.7481179999999998
768654218.543375,1.783429
768654218.543545,1.731532
768654220.2888601,1.668844
768654220.314141,1.692506
768654222.120474,1.762409
768654222.1264579,1.752337
768654223.843483,1.6706169999999998
768654223.844481,1.66048
768654225.604324,1.695895
768654225.605031,1.6983759999999999
768654228.029763,2.35931
768654228.044598,2.371949
768654230.21394,2.101019
768654230.226203,2.128327
768654232.386755,2.109122
768654232.399084,2.108832
768654234.472062,2.0065489999999997
768654234.472142,2.018822
768654236.331683,1.7956020000000001
768654236.343591,1.80775
768654238.234936,1.8362669999999999
768654238.2353121,1.8252410000000001
768654239.878829,1.579478
768654239.879666,1.5816579999999998
768654241.749185,1.806352
768654241.761514,1.8176379999999999
768654243.5618819,1.746242
768654243.573725,1.7453340000000002
768654245.357424,1.731467
768654245.369346,1.7321039999999999
768654247.114741,1.691033
768654247.127346,1.690677
768654248.807278,1.628463
768654248.819652,1.628167
768654250.590767,1.7038890000000002
768654250.591183,1.716943
768654252.3987919,1.745024
768654252.410445,1.7556690000000001
768654254.138213,1.673166
768654254.138419,1.6610889999999998
768654255.812387,1.609914
768654255.813034,1.611513
768654257.512607,1.6364960000000002
768654257.512833,1.6352280000000001
768654259.461792,1.882113
768654259.4619169,1.881798
768654261.3236879,1.7979580000000002
768654261.335751,1.8107069999999998
768654263.088052,1.6851800000000001
768654263.088643,1.6993729999999998
768654264.962348,1.787016
768654264.9730569,1.810468
768654266.622822,1.5999409999999998
768654266.639082,1.605742
768654268.463194,1.760388
768654268.463755,1.784422
768654270.2050979,1.6835170000000002
768654270.217006,1.69674
768654271.879834,1.588014
768654271.893035,1.612688
768654273.727527,1.784426
768654273.728429,1.771375
768654275.860369,2.065004
768654275.872197,2.0786759999999997
768654277.772422,1.836447
768654277.7725681,1.8485699999999998
768654279.608338,1.768324
768654279.60932,1.769817
768654281.4970421,1.823827
768654281.50924,1.837705
768654283.4341791,1.835669
768654283.437561,1.8737890000000001
768654285.3642479,1.8629440000000002
768654285.3759451,1.884576
768654287.141662,1.711024
768654287.168761,1.72627
768654288.977423,1.7787650000000002
768654288.987727,1.744603
768654290.798319,1.753884
768654290.801296,1.753206
768654292.6647199,1.799691
768654292.675385,1.814025
768654294.611529,1.883366
768654294.623196,1.884043
768654296.314936,1.6197970000000002
768654296.344588,1.658795
768654297.925151,1.543715
768654297.925257,1.5208400000000002
768654299.678344,1.67031
768654299.679096,1.690602
768654301.513599,1.770403
768654301.524875,1.782802
768654303.175875,1.583739
768654303.1877381,1.607338
768654304.819984,1.568613
768654304.831165,1.591387
768654306.5847039,1.6871200000000002
768654306.606634,1.719798
768654308.314744,1.655732
768654308.353157,1.704474
768654310.054846,1.6856149999999999
768654310.055061,1.635835
768654311.807798,1.67739
768654311.81933,1.686796
768654313.615858,1.721159
768654313.63317,1.751066
768654315.331129,1.643664
768654315.3423771,1.667181
768654316.965229,1.5819560000000001
768654316.9769061,1.5778420000000002
768654318.763577,1.731322
768654318.7763219,1.732847
768654320.520805,1.6695740000000001
768654320.5208601,1.6867830000000001
768654322.231519,1.646385
768654322.232201,1.647747
768654323.92572,1.630743
768654323.926106,1.6294849999999999
768654325.6556029,1.665824
768654325.667271,1.67704
768654327.379619,1.645873
768654327.380105,1.6578249999999999
768654329.198941,1.754486
768654329.201337,1.757158
768654330.976997,1.7144739999999998
768654330.9770169,1.7121680000000001
768654332.7637091,1.722531
768654332.7810631,1.71115
768654334.448959,1.610417
768654334.449074,1.62837
768654336.2199291,1.70693
768654336.2297109,1.71738
768654337.960507,1.6634390000000001
768654337.971748,1.685069
768654339.756721,1.710154
768654339.7589209,1.734614
768654341.667385,1.844876
768654341.679027,1.865526
768654343.5493181,1.802824
768654343.5610809,1.827045
768654345.393448,1.768885
768654345.405326,1.7928499999999998
768654347.195059,1.735277
768654347.207192,1.735352
768654348.961758,1.690958
768654348.973521,1.712252
768654350.7206451,1.68351
768654350.721216,1.696156
768654353.287768,2.502984
768654353.3003169,2.516766
768654355.611239,2.2567809999999997
768654355.611715,2.24354
768654357.974187,2.2992339999999998
768654357.974358,2.299586
768654360.2059101,2.1640349999999997
768654360.2166449,2.175507
768654362.027177,1.755027
768654362.027888,1.744182
768654363.768482,1.67674
768654363.7693441,1.677572
768654365.61411,1.7820399999999998
768654365.625813,1.79279
768654367.483248,1.802698
768654367.4841859,1.790369
768654369.281556,1.7332560000000001
768654369.293234,1.746512
768654371.063196,1.7035069999999999
768654371.063712,1.7158309999999999
768654372.904329,1.777133
768654372.921435,1.79472
768654374.655798,1.688382
768654374.6559731,1.677221
768654376.421685,1.7022840000000001
768654376.4332169,1.713175
768654378.249813,1.761863
768654378.251381,1.7512079999999999
768654380.0000811,1.6939089999999999
768654380.0260999,1.711009
768654381.6903709,1.594954
768654381.690496,1.6027630000000002
768654383.501108,1.7467030000000001
768654383.501574,1.7365709999999999
768654385.236018,1.659368
768654385.2481761,1.682438
768654387.034421,1.710348
768654387.034893,1.732409
768654388.899054,1.800097
768654388.911303,1.813739
768654390.752661,1.7870920000000001
768654390.762366,1.7846520000000001
768654392.466533,1.650359
768654392.4795619,1.659678
768654394.255733,1.719255
768654394.272635,1.742494
768654396.08458,1.7478960000000001
768654396.091481,1.757518
768654397.934559,1.77576
768654397.958326,1.806228
768654399.617744,1.619662
768654399.6368129,1.62137
768654401.480943,1.7993860000000002
768654401.493076,1.792003
768654403.185588,1.638386
768654403.1977661,1.638185
768654404.828244,1.579523
768654404.840562,1.579032
768654406.476592,1.581563
768654406.489583,1.581684
768654408.130569,1.590574
768654408.139886,1.58647
768654409.851043,1.646204
768654409.898644,1.686692
768654411.492404,1.583931
768654411.493101,1.5427410000000001
768654413.274259,1.730228
768654413.286748,1.741196
768654414.911271,1.561377
768654414.922838,1.561501
768654416.569288,1.594413
768654416.569463,1.582621
768654418.276183,1.6421249999999998
768654418.276559,1.643487
768654419.959232,1.609642
768654419.970915,1.621246
768654421.7251251,1.662668
768654421.725511,1.67059
768654423.520632,1.7282140000000001
768654423.532539,1.740769
768654425.29343,1.6976440000000002
768654425.305087,1.720702
768654427.086075,1.726731
768654427.086516,1.7146430000000001
768654428.862457,1.712077
768654428.875147,1.72597
768654430.69918,1.7737059999999998
768654430.699791,1.760445
768654432.4685609,1.705221
768654432.481215,1.718107
768654434.187654,1.639824
768654434.199767,1.6402
768654435.800678,1.5382429999999998
768654435.811788,1.537725
768654437.587086,1.729217
768654437.5995,1.730569
768654439.375267,1.712156
768654439.413805,1.739463
768654441.112131,1.679617
768654441.134338,1.663281
768654442.849602,1.671423
768654442.849958,1.63503
768654444.671495,1.757623
768654444.672673,1.7588359999999998
768654446.4406099,1.705868
768654446.441082,1.704224
768654448.1664,1.662506
768654448.175771,1.6708260000000001
768654449.943528,1.700535
768654449.9435691,1.7100920000000002
768654451.61886,1.611062
768654451.6189001,1.610491
768654453.376413,1.693183
768654453.389213,1.7069400000000001
768654455.1726819,1.729918
768654455.173318,1.716468
768654456.9533291,1.702595
768654456.9648811,1.71529
768654458.614473,1.5829469999999999
768654458.614743,1.5946090000000002
768654460.426188,1.747612
768654460.4422851,1.7640939999999998
768654462.228876,1.745648
768654462.241253,1.7225439999999999
768654463.973169,1.687254
768654463.973801,1.675073
768654465.820762,1.7603149999999999
768654465.821689,1.7556939999999999
768654467.5837431,1.696987
768654467.595405,1.706334
768654469.291244,1.643978
768654469.303207,1.644134
768654471.1032089,1.746237
768654471.1153431,1.745094
768654472.8807939,1.714057
768654472.881305,1.701773
768654474.712099,1.767501
768654474.723786,1.779218
768654476.4543331,1.667015
768654476.4649531,1.6894550000000002
768654478.6389041,2.114047
768654478.651238,2.1368799999999997
768654480.878235,2.1629169999999998
768654480.8893,2.186903
768654482.631563,1.675573
768654482.631804,1.686908
768654484.343829,1.634435
768654484.370026,1.65989
768654485.86766,1.464253
768654485.9323479,1.502724
768654487.491878,1.567013
768654487.4965229,1.506582
768654489.316316,1.767179
768654489.328284,1.767737
768654491.0681261,1.672766
768654491.0804701,1.696867
768654492.848593,1.70489
768654492.8603699,1.7289569999999999
768654494.6143701,1.6905519999999998
768654494.622669,1.710729
768654496.558027,1.862422
768654496.568601,1.882244
768654498.439263,1.8034100000000002
768654498.45096,1.82679
768654500.236263,1.7331720000000002
768654500.2470881,1.732054
768654501.901523,1.5781429999999999
768654501.906924,1.60376
768654503.612676,1.6540190000000001
768654503.625486,1.6545679999999998
768654505.3448601,1.668886
768654505.356112,1.667548
768654507.035077,1.593798
768654507.035508,1.60348
768654508.7429041,1.643102
768654508.754642,1.6558359999999999
768654510.558643,1.737838
768654510.571282,1.761818
768654512.338719,1.716678
768654512.350235,1.715385
768654514.3127611,1.887375
768654514.3250451,1.9203270000000001
768654516.164804,1.776036
768654516.165496,1.789161
768654517.942374,1.709366
768654517.94284,1.711867
768654519.744857,1.7378980000000002
768654519.744947,1.739281
768654521.619368,1.810572
768654521.63097,1.822169
768654523.468239,1.782261
768654523.46882,1.770123
768654525.251447,1.717936
768654525.2628391,1.731293
768654527.1088179,1.790761
768654527.108993,1.7800559999999999
768654528.9124529,1.739305
768654528.925439,1.7534740000000002
768654530.771974,1.793713
768654530.7893821,1.7864849999999999
768654532.517364,1.670955
768654532.531276,1.695834
768654534.363488,1.7656919999999998
768654534.363904,1.7799999999999998
768654536.163846,1.736505
768654536.165735,1.7380710000000001
768654537.826731,1.603166
768654537.838382,1.596694
768654539.67759,1.794155
768654539.678107,1.783181
768654541.62273,1.887266
768654541.62286,1.887342
768654543.299527,1.609926
768654543.3043411,1.615006
768654544.9676,1.6111879999999998
768654544.979593,1.587537
768654547.077453,2.0438370000000003
768654547.104922,2.0580730000000003
768654549.062987,1.8939759999999999
768654549.073998,1.9397170000000001
768654551.0393419,1.898694
768654551.0551519,1.925525
768654552.783016,1.686683
768654552.822378,1.703598
768654554.5938331,1.7476900000000002
768654554.594084,1.707948
768654556.315598,1.658683
768654556.339775,1.6817819999999999
768654558.132104,1.726115
768654558.1443781,1.76242
768654559.979718,1.784251
768654559.99151,1.783314
768654561.946814,1.879767
768654561.9581751,1.871909
768654563.622321,1.609053
768654563.63468,1.612822
768654565.4390221,1.7533889999999999
768654565.460974,1.763028
768654567.1819661,1.661554
768654567.191253,1.6860460000000002
768654568.93788,1.698878
768654568.9499941,1.694952
768654570.760378,1.743802
768654570.7680501,1.751728
768654572.532978,1.707692
768654572.544891,1.727794
768654574.3662541,1.746777
768654574.36734,1.758844
768654576.1331531,1.7097959999999999
768654576.133724,1.709323
768654577.867592,1.658318
768654577.894735,1.6887079999999999
768654579.6557059,1.697368
768654579.666927,1.7421909999999998
768654581.413741,1.6832909999999999
768654581.414197,1.695324
768654583.207383,1.7278040000000001
768654583.219672,1.7379120000000001
768654584.942945,1.6597009999999999
768654584.9535149,1.682664
768654586.8665,1.85706
768654586.8665999,1.8463450000000001
768654588.7411419,1.8107170000000001
768654588.741848,1.812051
768654590.4946109,1.688462
768654590.494871,1.6906729999999999
768654592.312715,1.7553029999999998
768654592.325109,1.766088
768654594.090576,1.698189
768654594.1030301,1.7235740000000002
768654595.763692,1.609478
768654595.776101,1.609032
768654597.570701,1.74334
768654597.582488,1.742674
768654599.3158649,1.67889
768654599.327417,1.678504
768654601.156296,1.777119
768654601.167507,1.776472
768654603.6324029,2.4093370000000003
768654603.6406771,2.406225
768654605.287277,1.591878
768654605.287392,1.589273
768654607.184883,1.829678
768654607.2028251,1.8488
768654609.033332,1.791536
768654609.045116,1.785607
768654610.781382,1.675544
768654610.781999,1.688136
768654612.407023,1.5489819999999999
768654612.419182,1.562827
768654614.120669,1.6475019999999998
768654614.132978,1.64675
768654615.876353,1.6835229999999999
768654615.876564,1.679526
768654617.756276,1.815939
768654617.756572,1.816771
768654619.585732,1.738073
768654619.5867339,1.763727
768654621.67813,2.0292660000000002
768654621.691235,2.0399049999999996
768654623.542126,1.797336
768654623.542572,1.784496
768654625.3612679,1.755588
768654625.3622249,1.755158
768654627.2260461,1.796634
768654627.238159,1.810657
768654629.090217,1.800619
768654629.090819,1.7891409999999999
768654630.983662,1.8268799999999998
768654630.995524,1.837755
768654632.6618351,1.602357
768654632.674008,1.626628
768654634.383039,1.654829
768654634.395753,1.654623
768654636.1188511,1.672134
768654636.130724,1.671192
768654637.99598,1.7977150000000002
768654638.0065609,1.820824
768654639.7531259,1.700005
768654639.7696741,1.7058
768654641.518802,1.7087599999999998
768654641.5447611,1.711226
768654643.243982,1.649056
768654643.2540209,1.648094
768654645.106814,1.806361
768654645.11711,1.806065
768654646.944488,1.767522
768654646.956316,1.789693
768654648.6955659,1.66426
768654648.70784,1.687684
768654650.9411459,2.169112
768654650.941512,2.182433
768654652.778154,1.77329
768654652.789877,1.784891
768654654.7667011,1.9098330000000001
768654654.766892,1.922332
768654656.567961,1.7374610000000001
768654656.5793779,1.748543
768654658.356537,1.710178
768654658.357013,1.699578
768654660.16361,1.742884
768654660.166668,1.745735
768654662.059827,1.830468
768654662.060423,1.826033
768654663.788302,1.6643210000000002
768654663.788678,1.664477
768654665.607845,1.755749
768654665.619823,1.767631
768654667.388086,1.714112
768654667.399693,1.713551
768654669.364584,1.91278
768654669.3756801,1.912804
768654671.178994,1.7474999999999998
768654671.18999,1.7477459999999998
768654672.962904,1.720372
768654672.974511,1.718377
768654674.8734939,1.8440189999999999
768654674.873744,1.832723
768654676.703831,1.7658120000000002
768654676.716716,1.780116
768654678.460763,1.69396
768654678.4733269,1.693148
768654680.1509689,1.613909
768654680.158597,1.634231
768654681.833553,1.608541
768654681.8339291,1.615979
768654683.606923,1.7092509999999999
768654683.607053,1.70901
768654685.4165729,1.746287
768654685.42853,1.757277
768654687.2780991,1.794648
768654687.2783439,1.783033
768654688.907134,1.57233
768654688.917005,1.580814
768654690.728289,1.760903
768654690.745988,1.768892
768654692.4723511,1.6870660000000002
768654692.472767,1.669643
768654694.229498,1.6925320000000001
768654694.255061,1.719122
768654695.895638,1.593596
768654695.896119,1.583742
768654697.740876,1.7813340000000002
768654697.743442,1.767587
768654699.538232,1.730901
768654699.541289,1.730896
768654701.213829,1.61217
768654701.214375,1.6091630000000001
768654703.0537541,1.771571
768654703.054536,1.773225
768654704.923413,1.804578
768654704.935441,1.8183500000000001
768654706.7260511,1.7238390000000001
768654706.727059,1.7367949999999999
768654708.500544,1.7111349999999999
768654708.5120909,1.7212340000000002
768654710.342233,1.778146
768654710.3547829,1.779208
768654712.111855,1.7061380000000002
768654712.1145409,1.69612
768654713.989601,1.81071
768654713.989849,1.8078079999999999
768654715.839158,1.792729
768654715.855829,1.808273
768654717.629795,1.733011
768654717.644851,1.725349
768654719.498178,1.786541
768654719.498714,1.8091419999999998
768654721.318588,1.756451
768654721.3304601,1.767948
768654723.087959,1.702678
768654723.0982391,1.684475
768654724.736412,1.591311
768654724.7489669,1.592898
768654726.423376,1.623205
768654726.435209,1.622749
768654728.679039,2.19229
768654728.690882,2.191915
768654730.985636,2.240112
768654730.985762,2.228074
768654733.362377,2.313372
768654733.373312,2.300087
768654735.657507,2.217339
768654735.670472,2.241511
768654737.6214759,1.88755
768654737.658527,1.937588
768654739.388897,1.666692
768654739.400128,1.715591
768654741.1075801,1.643993
768654741.119111,1.666506
768654742.8175421,1.6317359999999999
768654742.829339,1.6553
768654744.3997971,1.519098
768654744.4118149,1.519259
768654746.0713251,1.60835
768654746.0836431,1.590724
768654747.8921499,1.744979
768654747.9036521,1.768885
768654749.739939,1.767641
768654749.751932,1.785759
768654751.440145,1.621473
768654751.484276,1.677968
768654753.152932,1.655858
768654753.165116,1.616885
768654754.8327839,1.6010639999999998
768654754.844682,1.6249140000000002
768654756.680093,1.7717530000000001
768654756.6848229,1.78854
768654758.480465,1.743262
768654758.491871,1.7436159999999998
768654760.211461,1.64558
768654760.222647,1.6781739999999998
768654762.034562,1.756837
768654762.047583,1.758245
768654763.849309,1.73231
768654763.860806,1.750996
768654765.6492361,1.73656
768654765.660587,1.735857
768654767.425553,1.7094619999999998
768654767.425735,1.698236
768654769.170031,1.68112
768654769.182344,1.699681
768654770.8372941,1.588274
768654770.8502339,1.6134330000000001
768654772.657022,1.718853
768654772.668158,1.768218
768654774.489264,1.757463
768654774.4907819,1.770313
768654776.461918,1.90628
768654776.4740461,1.921625
768654778.156083,1.615186
768654778.156494,1.6278810000000001
768654779.974383,1.754662
768654779.974799,1.7542460000000002
768654781.796983,1.731042
768654781.797304,1.727122
768654783.4893199,1.613692
768654783.505757,1.642475
768654785.356673,1.787207
768654785.3693,1.822871
768654787.094641,1.665402
768654787.106503,1.68343
768654788.875754,1.705612
768654788.876099,1.7181309999999999
768654790.644929,1.690728
768654790.645555,1.706354
768654792.313751,1.604446
768654792.325488,1.615839
768654794.124783,1.7440419999999999
768654794.1302121,1.738449
768654795.903175,1.714999
768654795.914496,1.7263650000000001
768654797.6298851,1.641502
768654797.646185,1.679542
768654799.380584,1.691096
768654799.38078,1.66777
768654801.1410351,1.6906029999999999
768654801.1517019,1.69725
768654802.928914,1.7170429999999999
768654802.929896,1.721906
768654804.6782881,1.6748589999999999
768654804.678383,1.6844729999999999
768654806.46961,1.7269919999999999
768654806.469885,1.726867
768654808.215445,1.682323
768654808.224416,1.690883
768654810.004903,1.713451
768654810.016781,1.734178
768654811.814377,1.746132
768654811.814522,1.734073
768654813.676634,1.7978219999999998
768654813.677451,1.7994109999999999
768654815.354562,1.61221
768654815.355399,1.6108120000000001
768654817.116931,1.6975930000000001
768654817.142471,1.724695
768654818.9432349,1.7403430000000002
768654818.943385,1.753589
768654820.736235,1.717693
768654820.748414,1.742027
768654822.51976,1.706043
768654822.536037,1.7185830000000002
768654824.266462,1.667203
768654824.290017,1.7127189999999999
768654825.961269,1.628443
768654825.961389,1.6115389999999998
768654827.612505,1.587061
768654827.612981,1.5882640000000001
768654829.354898,1.678519
768654829.366294,1.689274
768654831.160964,1.728184
768654831.161059,1.739351
768654832.921795,1.697463
768654832.9335871,1.7085290000000002
768654834.6965281,1.6959600000000001
768654834.697155,1.708615
768654836.567416,1.807666
768654836.567646,1.8060960000000001
768654838.295173,1.663786
768654838.311694,1.679697
768654839.917331,1.5654899999999998
768654839.934889,1.559502
768654841.7073569,1.7089699999999999
768654841.718007,1.743964
768654843.364968,1.5911
768654843.365088,1.5868740000000001
768654845.160334,1.731758
768654845.1857591,1.733359
768654846.8469319,1.600415
768654846.846972,1.6140690000000002
768654848.7302381,1.820014
768654848.741584,1.817401
768654850.541536,1.736168
768654850.5533891,1.759829
768654853.220656,2.603494
768654853.232168,2.6279250000000003
768654855.5752391,2.2768979999999996
768654855.5755,2.288826
768654857.444638,1.805781
768654857.456255,1.8174029999999999
768654859.174171,1.654012
768654859.185427,1.6774419999999999
768654861.074211,1.825186
768654861.085733,1.848059
768654863.100721,1.960611
768654863.112323,1.960185
768654864.928172,1.764233
768654864.940205,1.764138
768654866.7609,1.765933
768654866.772627,1.765527
768654868.478906,1.654744
768654868.490718,1.654733
768654870.284862,1.740018
768654870.2967349,1.738945
768654872.119845,1.77118
768654872.160565,1.8003879999999999
768654874.0641941,1.8361059999999998
768654874.064915,1.87843
768654875.90903,1.7817200000000002
768654875.919765,1.7906650000000002
768654877.71865,1.735401
768654877.730502,1.757679
768654879.5944829,1.809625
768654879.594889,1.797331
768654881.563013,1.904842
768654881.563519,1.904751
768654883.280828,1.65087
768654883.2809991,1.650073
768654885.1132611,1.7685190000000002
768654885.1256399,1.7572029999999998
768654886.842994,1.663018
768654886.8432701,1.650464
768654888.7862049,1.879848
768654888.798063,1.8913090000000001
768654890.634394,1.78187
768654890.6460711,1.7813029999999999
768654892.6787649,1.969672
768654892.690558,1.9922600000000001
768654894.5716491,1.8265289999999998
768654894.5717889,1.814736
768654896.466938,1.832538
768654896.479632,1.84412
768654898.311148,1.7649510000000002
768654898.31214,1.778672
768654900.161733,1.7856589999999999
768654900.165522,1.772909
768654901.99374,1.765247
768654902.0088949,1.776232
768654903.8185849,1.761738
768654903.8223541,1.750062
768654905.624912,1.73877
768654905.624972,1.743135
768654907.563777,1.8718890000000001
768654907.576352,1.883907
768654909.360392,1.720657
768654909.3717229,1.744914
768654911.185637,1.759478
768654911.19742,1.758852
768654913.0137,1.752442
768654913.025588,1.776637
768654914.757516,1.677236
768654914.7805749,1.689133
768654916.568769,1.7246869999999999
768654916.580452,1.759287
768654918.590239,1.958444
768654918.717512,2.073118
768654920.4218111,1.7742980000000002
768654920.430359,1.650242
768654922.217465,1.7266759999999999
768654922.241669,1.759843
768654924.100813,1.802115
768654924.123844,1.842899
768654925.799258,1.615105
768654925.8122071,1.651504
768654927.5434431,1.6868969999999999
768654927.5435439,1.667759
768654929.1880391,1.570678
768654929.200207,1.582312
768654930.918995,1.652554
768654930.931599,1.67661
768654932.612399,1.6170710000000001
768654932.612805,1.629916
768654934.387854,1.711962
768654934.3880341,1.711306
768654936.366742,1.915516
768654936.377437,1.925424
768654938.168283,1.734094
768654938.168298,1.723665
768654939.905304,1.673358
768654939.905319,1.673042
768654941.703983,1.7346499999999998
768654941.704219,1.736098
768654943.403316,1.6217110000000001
768654943.415138,1.634044
768654945.2491729,1.753328
768654945.25924,1.792954
768654947.022314,1.71325
768654947.022635,1.703386
768654948.812969,1.716035
768654948.824732,1.726656
768654950.772653,1.8842830000000002
768654950.772779,1.895715
768654952.612373,1.7576289999999999
768654952.62411,1.786686
768654986.1882551,33.509057
768654986.200529,33.510079
768654988.256727,1.989789
768654988.2688559,2.013449
768654990.332572,1.999687
768654990.3441991,2.0243100000000003
768654992.553174,2.157474
768654992.565222,2.1333279999999997
768654994.623911,1.9922199999999999
768654994.624843,2.005836
768654996.61365,1.924587
768654996.625618,1.938761
768654998.577183,1.897384
768654998.589,1.8967420000000002
768655000.496738,1.855972
768655000.5078989,1.854764
768655002.392213,1.8282129999999999
768655002.392248,1.817924
768655004.285758,1.8288689999999999
768655004.298041,1.842
768655006.162619,1.8107570000000002
768655006.162714,1.797807
768655008.032168,1.8055
768655008.03721,1.8107570000000002
768655010.0677589,1.967126
768655010.0800769,1.9735109999999998
768655012.059312,1.928271
768655012.069816,1.926386
768655013.927377,1.801155
768655013.927909,1.790961
768655015.7138431,1.7220810000000002
768655015.7250439,1.734269
768655017.6521469,1.8628040000000001
768655017.664701,1.8869749999999998
768655019.529269,1.797982
768655019.5293441,1.810497
768655021.3970389,1.8041209999999999
768655021.4087859,1.815529
768655023.2529161,1.777479
768655023.2648339,1.801059
768655024.924233,1.595386
768655024.936226,1.619973
768655026.72828,1.737451
768655026.877337,1.874726
768655028.464217,1.516998
768655028.464774,1.6734930000000001
768655030.28582,1.7575990000000001
768655030.285915,1.7575379999999998
768655032.140439,1.791258
768655032.141343,1.7923909999999998
768655033.897256,1.701389
768655033.897802,1.675142
768655035.741517,1.781008
768655035.7423941,1.780817
768655037.570418,1.7619669999999998
768655037.585126,1.769962
768655039.269688,1.6449529999999999
768655039.2818221,1.6380050000000002
768655041.128407,1.783068
768655041.1351681,1.802685
768655042.777449,1.5878459999999999
768655042.788569,1.593356
768655044.646055,1.8167840000000002
768655044.657612,1.805409
768655046.566332,1.8569490000000002
768655046.57839,1.856965
768655048.57736,1.94722
768655048.589844,1.948197
768655050.492841,1.8492520000000001
768655050.5053,1.84836
768655052.416516,1.859977
768655052.4282839,1.8591
768655054.357271,1.874511
768655054.369869,1.8747900000000002
768655056.262288,1.835026
768655056.27397,1.852971
768655058.1886591,1.848485
768655058.200256,1.871463
768655060.06101,1.808907
768655060.077024,1.8130080000000002
768655061.758538,1.630778
768655061.763299,1.625902
768655063.611253,1.790624
768655063.622509,1.800423
768655065.511358,1.825226
768655065.512419,1.837705
768655067.40045,1.828128
768655067.4198891,1.841955
768655069.21092,1.753098
768655069.211411,1.7280550000000001
768655071.0149621,1.74107
768655071.015002,1.740103
768655072.801263,1.723023
768655072.81296,1.734389
768655074.624033,1.74531
768655074.624724,1.756325
768655076.356262,1.667484
768655076.3682151,1.681175
768655078.173299,1.73928
768655078.185246,1.762459
768655080.11023,1.8731570000000002
768655080.113507,1.864252
768655081.9554319,1.778658
768655081.956289,1.775806
768655083.791849,1.772558
768655083.7922701,1.771847
768655085.619169,1.763477
768655085.620397,1.76487
768655087.451587,1.765317
768655087.463405,1.7750590000000002
768655089.261216,1.733467
768655089.273119,1.758235
768655091.138393,1.798855
768655091.146958,1.8190909999999998
768655093.1264031,1.915521
768655093.138602,1.911988
768655094.9657071,1.762945
768655094.978035,1.7882390000000001
768655096.864429,1.822465
768655096.876412,1.846872
768655098.716367,1.7862
768655098.7260801,1.769653
768655100.428133,1.6479629999999998
768655100.458218,1.6749429999999998
768655102.762274,2.238127
768655102.774508,2.279695
768655104.6055521,1.76716
768655104.616894,1.7789780000000002
768655106.257374,1.585157
768655106.265729,1.5825500000000001
768655107.95373,1.624643
768655107.987178,1.6668209999999999
768655109.547557,1.499768
768655109.5589379,1.45983
768655111.241071,1.626754
768655111.251911,1.626328
768655113.0005591,1.695619
768655113.012707,1.697093
768655114.715548,1.636275
768655114.715783,1.64865
768655116.307315,1.5283440000000001
768655116.347022,1.567561
768655118.145922,1.73262
768655118.1579951,1.7842209999999998
768655119.969875,1.747265
768655119.980456,1.746928
768655121.6983451,1.651117
768655121.710588,1.647649
768655123.409395,1.6334520000000001
768655123.421754,1.633516
768655125.192919,1.697235
768655125.2049271,1.720822
768655126.9931071,1.71327
768655127.004909,1.7353150000000002
768655128.72493,1.656634
768655128.736993,1.6802430000000002
768655130.39731,1.597551
768655130.397661,1.609103
768655132.133444,1.6720949999999999
768655132.140876,1.679597
768655133.955688,1.748086
768655133.967566,1.7661129999999998
768655135.763593,1.7216989999999999
768655135.775692,1.744217
768655137.516506,1.6774019999999998
768655137.527963,1.700776
768655139.165712,1.5828769999999999
768655139.177529,1.582746
768655140.8357459,1.6065369999999999
768655140.847779,1.606406
768655142.4439571,1.518263
768655142.4488931,1.5335800000000002
768655144.1069189,1.606243
768655144.115073,1.590206
768655145.9722991,1.79788
768655145.982454,1.776298
768655147.741208,1.7121169999999999
768655147.7580631,1.718539
768655149.470075,1.6718600000000001
768655149.4721999,1.639268
768655151.203086,1.666531
768655151.215545,1.675633
768655152.903721,1.624578
768655152.9166061,1.6503830000000002
768655154.797793,1.814876
768655154.798599,1.828122
768655156.445766,1.583086
768655156.457373,1.596107
768655158.206501,1.6941709999999999
768655158.2069321,1.683386
768655159.872395,1.601688
768655159.88159,1.6118199999999998
768655161.631282,1.707011
768655161.631718,1.697883
768655163.377059,1.667808
768655163.377448,1.66857
768655165.1146699,1.6857179999999998
768655165.132672,1.702999
768655167.085099,1.8861970000000001
768655167.085816,1.916568
768655168.910217,1.773197
768655168.920405,1.7821099999999999
768655170.76132,1.7962360000000002
768655170.773158,1.7977049999999999
768655172.537998,1.713406
768655172.5501109,1.7135710000000002
768655174.387901,1.7839450000000001
768655174.40015,1.7828270000000002
768655175.9950341,1.5433890000000001
768655175.995445,1.531452
768655177.6158639,1.529302
768655177.627411,1.544507
768655179.420342,1.726255
768655179.420803,1.738704
768655181.135371,1.650702
768655181.1402919,1.6553200000000001
768655182.668315,1.473217
768655182.686092,1.4791649999999998
768655184.321967,1.5604779999999998
768655184.322378,1.596865
768655186.099995,1.713453
768655186.1161611,1.731106
768655187.77332,1.5936
768655187.790059,1.633164
768655189.597153,1.7133070000000001
768655189.598005,1.7677610000000001
768655191.414002,1.749156
768655191.414535,1.751163
768655193.208514,1.736379
768655193.2206321,1.75011
768655194.875577,1.5883340000000001
768655194.875867,1.600813
768655196.523224,1.58431
768655196.523289,1.5837990000000002
768655198.236304,1.6492360000000001
768655198.248266,1.661589
768655199.8605809,1.537725
768655199.860657,1.5492940000000002
768655201.640532,1.71565
768655201.640602,1.716428
768655203.2357221,1.5285609999999998
768655203.2395461,1.531712
768655205.107293,1.8039779999999999
768655205.117593,1.824959
768655206.854429,1.688115
768655206.866543,1.688366
768655208.6988851,1.768225
768655208.700073,1.758344
768655210.412135,1.650308
768655210.4122851,1.647983
768655212.264651,1.7885069999999998
768655212.2795401,1.804051
768655214.020323,1.69659
768655214.0320561,1.692982
768655215.782753,1.686894
768655215.783018,1.6991020000000001
768655217.63011,1.759653
768655217.630782,1.784657
768655219.3725879,1.673953
768655219.372979,1.676715
768655221.221715,1.786025
768655221.233688,1.7963580000000001
768655222.995972,1.695389
768655222.996288,1.708032
768655224.7522119,1.692642
768655224.752608,1.692642
768655226.408449,1.5918320000000001
768655226.408715,1.5934460000000001
768655228.542521,2.0706729999999998
768655228.55307,2.080756
768655230.787359,2.1745620000000003
768655230.788037,2.185191
768655233.0150911,2.1695019999999996
768655233.02761,2.182565
768655235.297437,2.202921
768655235.3100959,2.2285959999999996
768655237.670912,2.297786
768655237.682643,2.3222270000000003
768655239.8331571,2.1027709999999997
768655239.859557,2.117347
768655241.535365,1.6449870000000002
768655241.578124,1.655095
768655243.313857,1.671994
768655243.326421,1.727368
768655245.0482961,1.670726
768655245.0607799,1.670641
768655246.796347,1.681171
768655246.808455,1.6803880000000002
768655248.480404,1.6081750000000001
768655248.480544,1.620739
768655250.08245,1.5380669999999999
768655250.094854,1.550992
768655251.948536,1.802884
768655251.961236,1.802543
768655253.803792,1.7650059999999999
768655253.8163509,1.766845
768655255.6144251,1.7444380000000002
768655255.6151221,1.731776
768655257.39497,1.701433
768655257.406157,1.7337019999999999
768655259.153752,1.66984
768655259.165729,1.69254
768655261.139491,1.89741
768655261.151474,1.920439
768655262.9448609,1.7157719999999999
768655262.9556661,1.737747
768655264.721859,1.709032
768655264.749985,1.7482039999999999
768655266.615628,1.792794
768655266.6428779,1.8642450000000002
768655268.322816,1.616003
768655268.3342819,1.6618570000000001
768655270.11547,1.726345
768655270.1273581,1.726466
768655271.7743989,1.595476
768655271.785395,1.594378
768655273.5926889,1.743762
768655273.6046721,1.766675
768655275.8831791,2.22397
768655275.88351,2.211601
768655277.767382,1.821051
768655277.7674271,1.820685
768655279.71802,1.883336
768655279.7189571,1.885376
768655281.4624381,1.6811099999999999
768655281.462483,1.679872
768655283.2766291,1.7350569999999998
768655283.287033,1.744836
768655285.105948,1.7716679999999998
768655285.117545,1.773776
768655286.92248,1.728502
768655286.9242201,1.740438
768655288.791258,1.809769
768655288.8074541,1.828136
768655290.60926,1.7382389999999999
768655290.6215379,1.7728979999999999
768655292.539726,1.855066
768655292.552285,1.879442
768655294.3949311,1.788159
768655294.4063829,1.787463
768655296.14852,1.689344
768655296.1502091,1.679967
768655297.930405,1.7131699999999999
768655297.942132,1.727182
768655299.7075989,1.701573
768655299.707744,1.713831
768655301.709055,1.9373420000000001
768655301.7095059,1.939221
768655303.568952,1.793663
768655303.569453,1.793001
768655305.37357,1.7402030000000002
768655305.385187,1.7525220000000001
768655307.071915,1.620374
768655307.072171,1.631445
768655308.900895,1.765532
768655308.901181,1.7648460000000001
768655310.652871,1.68538
768655310.668547,1.699704
768655312.3013451,1.58245
768655312.353005,1.621141
768655314.1487501,1.791662
768655314.175525,1.759056
768655315.939107,1.687568
768655315.9395081,1.7333290000000001
768655317.8138161,1.7780770000000001
768655317.814762,1.775339
768655319.641314,1.7670629999999998
768655319.641745,1.765765
768655321.526304,1.808837
768655321.537909,1.821647
768655323.4575119,1.859467
768655323.469159,1.8761999999999999
768655325.3590081,1.838048
768655325.370551,1.837771
768655327.116483,1.6976849999999999
768655327.116734,1.686152
768655328.951983,1.758468
768655328.9521279,1.758756
768655330.808126,1.789056
768655330.808672,1.789528
768655332.537909,1.66595
768655332.549561,1.6546029999999998
768655334.165645,1.564163
768655334.177633,1.546362
768655335.7887349,1.559131
768655335.809899,1.568443
768655337.607972,1.755589
768655337.619043,1.745881
768655339.39378,1.707769
768655339.410517,1.735279
768655341.256472,1.788686
768655341.269419,1.81846
768655343.009293,1.693523
768655343.031358,1.6960199999999999
768655344.709613,1.643416
768655344.725865,1.6368909999999999
768655346.32085,1.531923
768655346.3210399,1.5544630000000002
768655348.122612,1.738215
768655348.1267661,1.741443
768655349.753018,1.570101
768655349.7531439,1.565398
768655351.450036,1.6332630000000001
768655351.450051,1.6329230000000001
768655353.72536,2.2118260000000003
768655353.7373021,2.223182
768655356.095234,2.291131
768655356.0953391,2.3035099999999997
768655358.108097,1.949114
768655358.108302,1.949009
768655359.983379,1.811474
768655359.983479,1.810977
768655361.7824789,1.706114
768655361.78272,1.713986
768655363.424644,1.5741660000000002
768655363.437218,1.587873
768655365.00111,1.500014
768655365.012311,1.5241250000000002
768655366.5996779,1.52004
768655366.612247,1.544507
768655368.457971,1.781695
768655368.470029,1.806914
768655370.1874839,1.654312
768655370.199993,1.678389
768655372.044995,1.794559
768655372.048375,1.7611919999999999
768655373.7877431,1.67455
768655373.8077201,1.704271
768655375.713774,1.848826
768655375.7165699,1.835339
768655377.549708,1.778962
768655377.577945,1.8090870000000001
768655379.303609,1.694172
768655379.315768,1.665505
768655381.1206241,1.7328999999999999
768655381.13603,1.756984
768655382.820735,1.6247550000000002
768655382.833189,1.65836
768655384.5973531,1.713586
768655384.597559,1.700174
768655386.320005,1.6584130000000001
768655386.331692,1.67033
768655388.094738,1.711336
768655388.1110411,1.7158609999999999
768655389.8218709,1.660622
768655389.8340889,1.655716
768655391.497904,1.612581
768655391.5099621,1.6124399999999999
768655393.249809,1.676004
768655393.261135,1.699393
768655394.950169,1.62269
768655394.962427,1.645888
768655396.682097,1.669032
768655396.6828591,1.6394980000000001
768655398.454632,1.697309
768655398.4656891,1.7070670000000001
768655400.2282159,1.70547
768655400.239252,1.727568
768655401.96858,1.6628280000000002
768655401.9692011,1.6746409999999998
768655403.6284211,1.595987
768655403.628616,1.596052
768655405.34989,1.657806
768655405.362264,1.6697190000000002
768655407.134758,1.706071
768655407.1349779,1.7186199999999998
768655408.865693,1.678798
768655408.877596,1.689826
768655410.694081,1.750161
768655410.6944721,1.762154
768655412.523772,1.764586
768655412.532561,1.775502
768655414.282404,1.704501
768655414.322293,1.734836
768655416.073359,1.6982849999999998
768655416.0861241,1.7436
768655417.8029821,1.662893
768655417.803754,1.650544
768655419.453712,1.587061
768655419.4662709,1.597877
768655421.2371249,1.7196500000000001
768655421.2372,1.707086
768655422.9749869,1.6701439999999999
768655422.987316,1.68328
768655424.712504,1.661805
768655424.723179,1.6851749999999999
768655426.4702129,1.691028
768655426.48206,1.692367
768655428.210771,1.6769560000000001
768655428.2124851,1.666657
768655429.949741,1.67022
768655429.961087,1.68345
768655431.730032,1.716813
768655431.730659,1.7063840000000001
768655433.410045,1.606485
768655433.4217681,1.6180400000000001
768655435.196165,1.7144160000000002
768655435.207721,1.738421
768655436.881635,1.61071
768655436.893157,1.611843
768655438.614666,1.654744
768655438.627085,1.6787
768655440.382218,1.6917550000000001
768655440.393475,1.71543
768655442.162324,1.702636
768655442.173856,1.725664
768655443.868498,1.6307369999999999
768655443.879999,1.630512
768655445.712151,1.769005
768655445.712236,1.77989
768655447.462118,1.6831120000000002
768655447.473095,1.69432
768655449.251263,1.70688
768655449.262545,1.7438429999999998
768655450.9930949,1.670345
768655451.004457,1.691959
768655452.7051721,1.648749
768655452.705338,1.637424
768655454.446804,1.678153
768655454.446804,1.6774870000000002
768655456.174703,1.65339
768655456.1844649,1.664118
768655457.8419659,1.59091
768655457.853989,1.612289
768655459.648307,1.73044
768655459.6602349,1.755093
768655461.448911,1.724923
768655461.448961,1.7374770000000002
768655463.267882,1.7514939999999999
768655463.268278,1.752948
768655465.078835,1.746989
768655465.090622,1.758997
768655467.0603001,1.914565
768655467.072448,1.915491
768655468.758956,1.634878
768655468.7708989,1.634888
768655470.523607,1.689299
768655470.535905,1.713411
768655472.334343,1.725058
768655472.345168,1.7477669999999998
768655474.102002,1.708309
768655474.127796,1.72266
768655475.8602201,1.6576819999999999
768655475.88583,1.7269919999999999
768655478.29548,2.352088
768655478.295632,2.3630970000000002
768655480.3793,2.022735
768655480.391338,2.035796
768655482.132172,1.67507
768655482.144115,1.65389
768655483.83382,1.626122
768655483.834276,1.638606
768655485.633211,1.735592
768655485.6338271,1.735762
768655487.367771,1.666852
768655487.3802949,1.68065
768655489.1834439,1.7393560000000001
768655489.195447,1.7645499999999998
768655490.962858,1.700831
768655490.9631289,1.71329
768655492.707496,1.680032
768655492.763749,1.737527
768655494.5382141,1.7173189999999998
768655494.5386671,1.7739369999999999
768655496.3653101,1.76901
768655496.376842,1.781822
768655498.112229,1.6573090000000001
768655498.123104,1.678839
768655499.913465,1.738311
768655499.914607,1.711093
768655501.683136,1.713104
768655501.6994131,1.72704
768655503.373306,1.630334
768655503.373552,1.5966330000000002
768655505.0723829,1.6351479999999998
768655505.084371,1.64668
768655506.8382859,1.687546
768655506.85059,1.711666
768655508.497099,1.583187
768655508.5086609,1.607173
768655510.374311,1.802749
768655510.386199,1.8255059999999999
768655512.2984071,1.860408
768655512.310856,1.86123
768655514.2270991,1.848961
768655514.2300609,1.865153
768655515.905538,1.6150120000000001
768655515.920693,1.6266180000000001
768655517.766086,1.781489
768655517.7738191,1.8048140000000001
768655519.6116091,1.770343
768655519.614551,1.78168
768655521.523406,1.848034
768655521.524454,1.845624
768655523.2420689,1.650569
768655523.2538459,1.6639249999999999
768655525.062363,1.745009
768655525.062489,1.757307
768655526.816168,1.685766
768655526.816985,1.68784
768655528.760321,1.8808900000000002
768655528.772364,1.8911850000000001
768655530.570347,1.744202
768655530.5815079,1.741641
768655532.3135871,1.661354
768655532.324708,1.679952
768655534.110517,1.730279
768655534.135704,1.744332
768655535.8247739,1.6457950000000001
768655535.825145,1.637127
768655537.6311461,1.728634
768655537.643845,1.741601
768655539.414188,1.706806
768655539.423648,1.7050830000000001
768655541.234332,1.758315
768655541.243959,1.766885
768655542.909719,1.6206390000000002
768655542.922364,1.623345
768655544.695353,1.7088800000000002
768655544.695588,1.722351
768655546.655107,1.896186
768655546.655333,1.896376
768655548.486572,1.767491
768655548.497874,1.779088
768655550.463582,1.910669
768655550.463737,1.899138
768655552.3978109,1.8705910000000001
768655552.409333,1.881447
768655554.362803,1.886593
768655554.374114,1.909958
768655556.28088,1.843177
768655556.2931529,1.843634
768655558.247199,1.887441
768655558.2478,1.9002050000000001
768655560.154727,1.8424310000000002
768655560.1551169,1.844546
768655562.070669,1.847995
768655562.0711501,1.8493769999999998
768655563.8761541,1.7413610000000002
768655563.8766761,1.742248
768655565.656836,1.71751
768655565.657478,1.716383
768655567.398803,1.675592
768655567.4104611,1.68531
768655569.292093,1.818269
768655569.304106,1.841949
768655571.097968,1.7270919999999998
768655571.098049,1.739566
768655572.776763,1.615568
768655572.777264,1.6148060000000002
768655574.513378,1.673327
768655574.5252999,1.684323
768655576.544673,1.968214
768655576.556937,1.96847
768655578.4146379,1.791076
768655578.415866,1.804307
768655580.201099,1.710946
768655580.202532,1.714299
768655581.990747,1.7237500000000001
768655581.9908969,1.721159
768655583.754324,1.699378
768655583.7545251,1.70056
768655585.529433,1.699124
768655585.541286,1.7112500000000002
768655587.300259,1.705096
768655587.311441,1.7033040000000002
768655589.010195,1.6525139999999998
768655589.022333,1.653653
768655590.9641701,1.887441
768655590.975572,1.8865640000000001
768655592.8144339,1.7755349999999999
768655592.826522,1.798518
768655594.621939,1.744102
768655594.634042,1.743781
768655596.466555,1.746152
768655596.478498,1.7930249999999999
768655598.243824,1.698621
768655598.255507,1.7223760000000001
768655600.078798,1.7715260000000002
768655600.09437,1.774778
768655602.332382,2.1533960000000003
768655602.343197,2.1973629999999997
768655604.664754,2.268964
768655604.676331,2.26926
768655606.684397,1.952888
768655606.69628,1.9533250000000002
768655608.490103,1.742072
768655608.5022811,1.742203
768655610.26219,1.705476
768655610.262215,1.693163
768655612.09567,1.7691700000000001
768655612.111642,1.78597
768655614.116426,1.954126
768655614.127883,1.949194
768655615.975926,1.795421
768655615.976934,1.7854590000000001
768655617.934809,1.874225
768655617.946646,1.880379
768655619.854068,1.8526
768655619.866066,1.852409
768655621.6096619,1.691921
768655621.6217151,1.6918849999999999
768655623.5225021,1.846115
768655623.534816,1.846269
768655625.473045,1.88703
768655625.484967,1.886889
768655627.174112,1.6220430000000001
768655627.186039,1.6468310000000002
768655629.110592,1.8734540000000002
768655629.122084,1.872336
768655630.9364591,1.7475150000000002
768655630.93677,1.759398
768655632.776585,1.776237
768655632.788838,1.788109
768655634.583899,1.7433100000000001
768655634.584646,1.732399
768655636.402334,1.7553530000000002
768655636.414081,1.765336
768655638.111023,1.630327
768655638.123006,1.654383
768655639.853506,1.6667470000000002
768655639.854088,1.6796470000000001
768655641.691331,1.774537
768655641.7028631,1.7847220000000001
768655643.525468,1.755734
768655643.536875,1.7789679999999999
768655645.549261,1.9484979999999998
768655645.561224,1.972293
768655647.398859,1.771074
768655647.398924,1.783399
768655649.466484,2.0039670000000003
768655649.4667851,2.003717
768655651.147138,1.6134579999999998
768655651.159487,1.6247740000000002
768655653.098524,1.87531
768655653.108313,1.897375
768655654.9811159,1.823126
768655654.981902,1.813393
768655656.7749801,1.735795
768655656.786462,1.74745
768655658.580736,1.730931
768655658.581297,1.7431
768655660.3237801,1.679973
768655660.335898,1.691003
768655662.102771,1.6895790000000002
768655662.103196,1.701159
768655663.800721,1.6408900000000002
768655663.8075589,1.646169
768655665.603687,1.721107
768655665.604173,1.7465549999999999
768655667.421686,1.7499099999999999
768655667.422448,1.752251
768655669.2470881,1.7604899999999999
768655669.2476741,1.76254
768655670.946716,1.632938
768655670.9472669,1.632277
768655672.7375469,1.727568
768655672.7380929,1.7040980000000001
768655674.489447,1.688126
768655674.489702,1.687636
768655676.3232721,1.769887
768655676.334799,1.780742
768655678.2937111,1.903989
768655678.294177,1.892582
768655680.134485,1.765187
768655680.137408,1.7695370000000001
768655681.937743,1.743679
768655681.937931,1.740359
768655683.7435939,1.748148
768655683.75494,1.7604140000000001
768655685.639775,1.8328330000000002
768655685.6509961,1.832704
768655687.431613,1.714116
768655687.4441171,1.716845
768655689.236423,1.741141
768655689.236728,1.714822
768655690.895066,1.598539
768655690.906268,1.609933
768655692.570952,1.607702
768655692.58289,1.630707
768655694.5019989,1.864678
768655694.50246,1.853006
768655696.254526,1.6887530000000002
768655696.266624,1.700631
768655698.1573329,1.835815
768655698.157709,1.824394
768655700.054371,1.832739
768655700.055744,1.83567
768655701.8187851,1.697218
768655701.819246,1.6952880000000001
768655703.6622789,1.7795940000000001
768655703.663446,1.780256
768655705.4354229,1.7095859999999998
768655705.435458,1.7081030000000001
768655707.2408179,1.7385140000000001
768655707.252214,1.750567
768655709.14178,1.837565
768655709.153808,1.838011
768655711.028103,1.820214
768655711.0397949,1.795271
768655712.940311,1.836883
768655712.951573,1.85951
768655714.88925,1.882008
768655714.901414,1.882955
768655716.720585,1.767541
768655716.721172,1.75626
768655718.423236,1.638385
768655718.4356,1.6516460000000002
768655720.1464291,1.6468559999999999
768655720.1483129,1.661545
768655721.936087,1.7208080000000001
768655721.94365,1.7304950000000001
768655723.74503,1.7378179999999999
768655723.760185,1.760626
768655725.627263,1.8033949999999999
768655725.6275489,1.819292
768655728.213627,2.519824
768655728.216032,2.520951
768655730.5281631,2.245229
768655730.539855,2.257203
768655732.575737,1.9840220000000002
768655732.576198,1.955568
768655734.2940091,1.652137
768655734.2946651,1.65095
768655736.1538,1.795692
768655736.155689,1.797561
768655737.912596,1.665034
768655737.912872,1.680703
768655739.568016,1.591657
768655739.579343,1.6031579999999999
768655741.389047,1.746272
768655741.400725,1.7693100000000002
768655743.134147,1.678093
768655743.146886,1.679181
768655744.868922,1.670695
768655744.917119,1.7068
768655746.62879,1.648048
768655746.628825,1.696466
768655748.2976999,1.605219
768655748.3078719,1.615243
768655750.138281,1.7702410000000002
768655750.148372,1.7910249999999999
768655751.897488,1.701982
768655751.901756,1.696063
768655753.779224,1.824599
768655753.779665,1.803396
768655755.565824,1.7250709999999998
768655755.5659239,1.726817
768655757.337898,1.6944679999999999
768655757.350866,1.7090759999999998
768655759.043891,1.646402
768655759.071102,1.660538
768655760.834058,1.733381
768655760.834584,1.6860600000000001
768655762.624162,1.725724
768655762.624508,1.726847
768655764.47399,1.785704
768655764.4858431,1.79694
768655766.324269,1.771856
768655766.324525,1.783333
768655768.162676,1.774062
768655768.165723,1.77763
768655769.965004,1.735954
768655769.96559,1.7326100000000002
768655771.750067,1.721254
768655771.750427,1.720582
768655773.571333,1.756666
768655773.582885,1.768173
768655775.9770961,2.327852
768655775.977251,2.339619
768655777.91951,1.850149
768655777.91975,1.853667
768655779.8364389,1.8493819999999999
768655779.8482419,1.861605
768655781.826559,1.914985
768655781.826734,1.926777
768655783.565384,1.671207
768655783.565724,1.672881
768655785.486743,1.856985
768655785.498461,1.8689069999999999
768655787.264604,1.676775
768655787.276947,1.723479
768655789.0169549,1.664256
768655789.027491,1.686231
768655790.917581,1.830618
768655790.929699,1.853021
768655792.7443609,1.750877
768655792.756334,1.7754349999999999
768655794.452419,1.632417
768655794.452454,1.644489
768655796.2877929,1.759111
768655796.3135761,1.784155
768655798.025962,1.662855
768655798.043216,1.669508
768655800.1493009,2.04867
768655800.1585629,2.0752729999999997
768655802.066356,1.850731
768655802.077948,1.852439
768655803.794286,1.664502
768655803.806529,1.665314
768655805.649657,1.7918479999999999
768655805.6509,1.780682
768655807.625278,1.9089960000000001
768655807.63669,1.917696
768655809.470987,1.781789
768655809.471032,1.7708890000000002
768655811.321085,1.782762
768655811.3328431,1.795371
768655813.167135,1.751569
768655813.1786411,1.794564
768655814.8828,1.637343
768655814.8986771,1.664792
768655816.79757,1.8513060000000001
768655816.797966,1.83557
768655818.690122,1.828183
768655818.690217,1.829586
768655820.4923949,1.738764
768655820.504733,1.750672
768655822.3363839,1.764961
768655822.33688,1.7778399999999999
768655824.0580289,1.6581510000000002
768655824.0674211,1.666536
768655825.824437,1.6752710000000002
768655825.8421091,1.707301
768655827.5567219,1.675356
768655827.573827,1.668145
768655829.285141,1.6715149999999999
768655829.287042,1.64911
768655831.1213081,1.7753999999999999
768655831.121549,1.767421
768655833.020522,1.836166
768655833.032404,1.847067
768655834.8542279,1.746783
768655834.854614,1.756994
768655836.608484,1.6897
768655836.620747,1.689609
768655838.321445,1.6490770000000001
768655838.3259641,1.641203
768655840.112029,1.733691
768655840.1282059,1.738719
768655841.820122,1.624248
768655841.831784,1.640268
768655843.775381,1.879969
768655843.776573,1.893149
768655845.6477109,1.8075400000000001
768655845.647841,1.8157169999999998
768655847.436542,1.721419
768655847.4489911,1.735041
768655849.262905,1.750209
768655849.2695961,1.757223
768655851.179585,1.856816
768655851.181779,1.845167
768655853.743711,2.506969
768655853.755518,2.510161
768655856.050624,2.2280490000000004
768655856.0649071,2.254429
768655858.410459,2.287525
768655858.415421,2.300413
768655860.5166849,2.0493870000000003
768655860.5284669,2.0487420000000003
768655862.256131,1.660908
768655862.268424,1.684774
768655863.945691,1.626047
768655863.957413,1.62499
768655865.8928449,1.837102
768655865.904833,1.87408
768655867.635384,1.663855
768655867.635504,1.6759279999999999
768655869.550679,1.851046
768655869.551306,1.8525340000000001
768655871.520016,1.902731
768655871.531843,1.913015
768655873.445179,1.849573
768655873.457132,1.873584
768655875.4034001,1.879662
768655875.4158939,1.90432
768655877.409692,1.92994
768655877.421785,1.955083
768655879.224814,1.736644
768655879.2367669,1.7608560000000002
768655881.105409,1.8168570000000002
768655881.128287,1.827621
768655882.89437,1.7006000000000001
768655882.906348,1.738063
768655884.7872939,1.816942
768655884.7988911,1.840827
768655886.67059,1.805234
768655886.681761,1.828409
768655888.383705,1.63825
768655888.393021,1.6583469999999998
768655890.237918,1.787638
768655890.2383239,1.778427
768655892.083652,1.781955
768655892.085305,1.783729
768655894.0276589,1.877227
768655894.0398769,1.887295
768655895.917275,1.826368
768655895.9299741,1.826203
768655897.801067,1.807465
768655897.812338,1.831796
768655899.554195,1.6750669999999999
768655899.5617219,1.693599
768655901.403693,1.7861179999999999
768655901.421609,1.795457
768655903.305542,1.8173329999999999
768655903.317284,1.841152
768655905.206094,1.8370929999999999
768655905.2097,1.828626
768655906.925027,1.651647
768655906.925493,1.660468
768655908.719089,1.7297600000000002
768655908.751723,1.7635100000000001
768655910.5172579,1.708326
768655910.5173429,1.746539
768655912.3278149,1.7363520000000001
768655912.333054,1.7426869999999999
768655914.078341,1.690487
768655914.079073,1.691033
768655915.783558,1.641473
768655915.792212,1.63755
768655917.450715,1.603635
768655917.459503,1.6100260000000002
768655919.248332,1.7288970000000001
768655919.248487,1.731017
768655921.126882,1.815178
768655921.138669,1.826288
768655922.999994,1.7949350000000002
768655923.0001141,1.806662
768655924.809027,1.745871
768655924.809198,1.745189
768655926.652631,1.780116
768655926.675887,1.8031
768655928.516567,1.783524
768655928.527748,1.811745
768655930.448737,1.8549499999999999
768655930.460669,1.8685539999999998
768655932.210099,1.674615
768655932.21265,1.700486
768655934.006795,1.718958
768655934.011474,1.7317179999999999
768655935.704783,1.629305
768655935.716591,1.652785
768655937.475417,1.707246
768655937.475517,1.694732
768655939.28441,1.742543
768655939.28442,1.740985
768655941.1586151,1.8110330000000001
768655941.1707131,1.80351
768655943.031171,1.781414
768655943.031326,1.794003
768655944.7636861,1.668541
768655944.7751629,1.680745
768655946.621292,1.793687
768655946.626235,1.777624
768655948.31406,1.6302809999999999
768655948.3252,1.641087
768655950.160552,1.779768
768655950.188395,1.7964840000000002
768655951.9235411,1.6713019999999998
768655951.935408,1.717604
768655953.8133719,1.813809
768655953.813547,1.826759
768655955.6722361,1.789889
768655955.694207,1.813228
768655957.532704,1.773511
768655957.5450981,1.809775
768655959.337868,1.738715
768655959.338354,1.726561
768655961.390383,1.9885359999999999
768655961.4022909,2.000725
768655963.179375,1.709868
768655963.1794751,1.723259
768655965.200132,1.957805
768655965.21232,1.968821
768655967.2223159,1.955484
768655967.222341,1.942995
768655969.115966,1.830032
768655969.116232,1.83103
768655971.121627,1.939692
768655971.122164,1.938439
768655972.842159,1.6561270000000001
768655972.85323,1.667594
768655974.704752,1.788004
768655974.704938,1.799029
768655976.4005419,1.631735
768655976.4122391,1.643292
768655978.721963,2.24344
768655978.7227299,2.255413
768655980.827862,2.040652
768655980.8389679,2.053081
768655982.6118621,1.706108
768655982.623595,1.7288810000000001
768655984.398854,1.7115909999999999
768655984.410626,1.735271
768655986.178328,1.700976
768655986.178975,1.713451
768655987.922034,1.680178
768655987.922746,1.679587
768655989.899204,1.913612
768655989.899299,1.9122029999999999
768655991.6988599,1.732505
768655991.699281,1.7336230000000001
768655993.490548,1.727719
768655993.492192,1.729417
768655995.1873649,1.6309230000000001
768655995.1879159,1.628558
768655996.82546,1.5743960000000001
768655996.8615991,1.610175
768655998.6686771,1.7409649999999999
768655998.669519,1.777169
768656000.5111171,1.7778559999999999
768656000.5209761,1.788926
768656002.268075,1.686949
768656002.2686319,1.6975689999999999
768656003.937023,1.605645
768656003.938892,1.605835
768656005.7725431,1.731862
768656005.781849,1.781693
768656007.61362,1.771504
768656007.614187,1.782064
768656009.532018,1.8544690000000001
768656009.533075,1.855291
768656011.3752011,1.777569
768656011.387775,1.7878939999999999
768656013.429179,1.977866
768656013.44007,2.0013560000000004
768656015.119681,1.612601
768656015.121054,1.625019
768656016.847575,1.6653429999999998
768656016.848733,1.663449
768656018.631305,1.697764
768656018.6326879,1.719625
768656020.492048,1.795326
768656020.502833,1.808477
768656022.358665,1.7890009999999998
768656022.359437,1.7830030000000001
768656024.459819,2.037866
768656024.461272,2.038357
768656026.320347,1.7940129999999999
768656026.321504,1.792294
768656028.17039,1.786871
768656028.1797471,1.7941179999999999
768656029.9305091,1.683791
768656029.941079,1.703984
768656031.6616989,1.66792
768656031.671466,1.6668
768656033.461679,1.733023
768656033.462776,1.743995
768656035.135718,1.592101
768656035.146919,1.605453
768656036.849419,1.650088
768656036.860886,1.6501730000000001
768656038.567099,1.638961
768656038.57793,1.638427
768656040.3417021,1.71108
768656040.3535,1.7119520000000001
768656042.1071789,1.698907
768656042.117819,1.697964
768656043.899849,1.718493
768656043.900295,1.729398
768656045.6615219,1.698375
768656045.663231,1.6984700000000001
768656047.384269,1.656343
768656047.3856419,1.654914
768656049.314128,1.866607
768656049.326938,1.875267
768656051.205654,1.825667
768656051.218082,1.824479
768656053.06144,1.779449
768656053.073544,1.804492
768656054.916521,1.776929
768656054.917388,1.789227
768656056.766028,1.7610620000000001
768656056.7706391,1.790881
768656058.541829,1.707667
768656058.543152,1.719742
768656060.281385,1.6766400000000001
768656060.295267,1.675074
768656062.051758,1.704234
768656062.053046,1.6979110000000002
768656063.8278041,1.71343
768656063.828491,1.700751
768656065.637369,1.7463579999999999
768656065.6380761,1.745471
768656067.4514649,1.7479710000000002
768656067.46456,1.747112
768656069.2965169,1.768234
768656069.31449,1.7999120000000002
768656071.0694561,1.695276
768656071.0819399,1.719415
768656072.989212,1.856731
768656072.993056,1.847303
768656074.733735,1.6849129999999999
768656074.745998,1.686478
768656076.522741,1.7254880000000001
768656076.5232719,1.7135150000000001
768656078.299088,1.7123080000000002
768656078.321454,1.73552
768656080.135653,1.757082
768656080.161656,1.799286
768656081.879732,1.684381
768656081.88103,1.652509
768656083.649183,1.704299
768656083.6600031,1.717239
768656085.410926,1.6876110000000002
768656085.423295,1.710499
768656087.235134,1.7581689999999999
768656087.2353749,1.742443
768656089.093818,1.795471
768656089.10527,1.805816
768656090.896502,1.725077
768656090.9091209,1.7483570000000002
768656092.574514,1.615032
768656092.672543,1.700155
768656094.2778511,1.6450239999999998
768656094.3741161,1.637759
768656095.991021,1.665122
768656096.113552,1.675502
768656097.700791,1.641916
768656097.801392,1.620383
768656099.373775,1.623573
768656099.47503,1.609864
768656101.046435,1.6266729999999998
768656101.148252,1.609639
768656103.463604,2.368813
768656103.571103,2.356534
768656105.599583,2.090008
768656105.7016721,2.07382
768656107.827828,2.1799649999999997
768656107.931555,2.1630529999999997
768656109.977924,2.10439
768656110.060935,2.065459
768656112.13233,2.105657
768656112.234923,2.1140820000000002
768656114.027861,1.846516
768656114.1123309,1.810928
768656115.712179,1.638159
768656115.797789,1.628509
768656117.187161,1.429046
768656117.2767401,1.421906
768656118.6476829,1.406395
768656118.7413509,1.398131
768656120.1184729,1.419707
768656120.208678,1.403734
768656121.787275,1.61462
768656121.880266,1.605399
768656123.257469,1.4188740000000002
768656123.3498989,1.406265
768656124.944061,1.6349179999999999
768656125.031981,1.61874
768656126.633376,1.635519
768656126.727269,1.628778
768656128.341073,1.656462
768656128.431569,1.6407310000000002
768656129.981894,1.566002
768656130.0695779,1.574041
768656131.56453,1.530836
768656131.6547201,1.521679
768656133.2619979,1.646124
768656133.3543531,1.63594
768656134.9356459,1.619517
768656135.0275351,1.606837
768656136.5043141,1.517364
768656136.5947051,1.503787
768656138.1770749,1.61871
768656138.268673,1.607173
768656139.650036,1.4215810000000002
768656139.740209,1.4082000000000001
768656141.203764,1.478183
768656141.2969309,1.504535
768656142.870942,1.612941
768656142.945836,1.573673
768656144.629477,1.707427
768656144.720589,1.7177850000000001
768656146.299758,1.6162290000000001
768656146.391727,1.61125
768656147.956988,1.606
768656148.072773,1.617395
768656149.707464,1.673818
768656149.7892851,1.656546
768656151.427109,1.6641309999999998
768656151.517475,1.664636
768656153.103844,1.6252199999999999
768656153.193645,1.612755
768656154.78083,1.61459
768656154.8428061,1.594758
768656156.469483,1.637814
768656156.56073,1.6655369999999998
768656158.18828,1.667719
768656158.250061,1.625526
768656159.877058,1.637499
768656159.9686619,1.666075
768656161.573575,1.645467
768656161.6660299,1.603119
768656163.2119449,1.5844150000000001
768656163.3037341,1.5712949999999999
768656164.834028,1.570988
768656164.9234711,1.55655
768656166.339334,1.4513449999999999
768656166.43031,1.417546
768656168.11749,1.7273729999999998
768656168.207424,1.713631
768656169.521485,1.3528710000000002
768656169.613674,1.342657
768656171.195518,1.623371
768656171.2872169,1.610245
768656172.746886,1.500219
768656172.8349459,1.483886
768656174.3579631,1.5573270000000001
768656174.449557,1.5481850000000001
768656175.9893429,1.580335
768656176.1054779,1.591998
768656177.638123,1.577569
768656177.730839,1.5583850000000001
768656179.1259379,1.434386
768656179.187335,1.393059
768656180.583423,1.406466
768656180.672891,1.4336200000000001
768656182.151094,1.5136800000000001
768656182.212629,1.473247
768656183.635406,1.4330770000000002
768656183.735015,1.4700760000000002
768656185.113268,1.426657
768656185.17243,1.385587
768656186.575799,1.408555
768656186.6681991,1.4413989999999999
768656188.2427909,1.6158240000000001
768656188.259364,1.527952
768656189.7284061,1.432165
768656189.821818,1.507598
768656191.3627169,1.5830270000000002
768656191.455453,1.570337
768656192.8597339,1.446003
768656192.9516729,1.432786
768656194.527959,1.6144550000000002
768656194.62097,1.602707
768656196.1151199,1.536123
768656196.206062,1.520948
768656197.758788,1.5926250000000002
768656197.851925,1.582285
768656199.214278,1.40439
768656199.307314,1.392077
768656200.6617891,1.396477
768656200.7200899,1.349208
768656202.271999,1.5558379999999998
768656202.364234,1.589605
768656203.8973241,1.5740260000000001
768656203.990236,1.5511570000000001
768656205.59157,1.643022
768656205.6854191,1.5980809999999999
768656207.067086,1.421616
768656207.168698,1.419705
768656208.522827,1.404606
768656208.585263,1.3646559999999999
768656210.202027,1.625025
768656210.2950939,1.654525
768656211.910722,1.657866
768656212.025043,1.666471
768656213.3789971,1.417446
768656213.472149,1.3654789999999999
768656214.982777,1.5499450000000001
768656215.0766261,1.540954
768656216.623669,1.589968
768656216.7160599,1.552893
768656218.114471,1.4369910000000001
768656218.19211,1.4160139999999999
768656219.742663,1.577223
768656219.836561,1.587134
768656221.433586,1.64021
768656221.510167,1.609875
768656222.8494179,1.362107
768656222.9408009,1.37011
768656224.5469869,1.6464990000000002
768656224.623129,1.618691
768656226.22496,1.624243
768656226.300447,1.6174430000000002
768656228.343338,2.0675
768656228.4255431,2.068219
768656230.4162409,2.019187
768656230.512034,2.026424
768656232.5026801,2.0128369999999998
768656232.5965481,2.010298
768656234.478221,1.9219160000000002
768656234.575642,1.9122830000000002
768656235.899175,1.370021
768656235.974604,1.341372
768656237.344491,1.3943729999999999
768656237.4194889,1.351877
768656238.964268,1.5662230000000001
768656239.056022,1.5763820000000002
768656240.3940231,1.378541
768656240.483587,1.363506
768656241.79012,1.342256
768656241.881252,1.33087
768656243.538321,1.696887
768656243.631458,1.685927
768656245.0445089,1.455369
768656245.135541,1.4403650000000001
768656246.499993,1.401569
768656246.592318,1.389721
768656247.988716,1.437678
768656248.102942,1.44699
768656249.765925,1.706319
768656249.828795,1.658563
768656251.457369,1.637724
768656251.548651,1.667599
768656253.1553581,1.647036
768656253.2183009,1.6061779999999999
768656254.642292,1.432987
768656254.73605,1.462721
768656256.146435,1.4527940000000001
768656256.227658,1.42799
768656257.748165,1.548161
768656257.852903,1.570686
768656259.281276,1.4819609999999999
768656259.373441,1.467614
768656260.8176341,1.4853500000000002
768656260.9082249,1.4711509999999999
768656262.451008,1.5794590000000002
768656262.543809,1.569255
768656263.909845,1.4079590000000002
768656264.02776,1.420102
768656265.615237,1.654123
768656265.70871,1.586164
768656267.2867501,1.617948
768656267.3786141,1.60585
768656268.761625,1.423665
768656268.850382,1.407949
768656270.25382,1.43829
768656270.345864,1.4285420000000002
768656271.917194,1.61217
768656272.039353,1.6297149999999998
768656273.6304339,1.662101
768656273.7232751,1.614801
768656275.657765,1.8710120000000001
768656275.657775,1.97328
768656277.4498489,1.728386
768656277.451393,1.730014
768656279.180028,1.664506
768656279.18055,1.661325
768656280.8970621,1.652107
768656280.90879,1.665458
768656282.6341779,1.6700199999999998
768656282.645965,1.67019
768656284.3772169,1.678755
768656284.3881179,1.678469
768656286.108995,1.664308
768656286.119188,1.663907
768656287.816643,1.639773
768656287.832515,1.675278
768656289.48442,1.6104859999999999
768656289.495552,1.5931980000000001
768656291.228945,1.684932
768656291.229201,1.6829399999999999
768656293.031117,1.738308
768656293.042534,1.74966
768656294.639894,1.538109
768656294.651521,1.532275
768656296.427788,1.723845
768656296.427878,1.712894
768656298.2546611,1.75183
768656298.282102,1.790991
768656299.9811081,1.634987
768656299.992761,1.681098
768656301.73795,1.654935
768656301.738371,1.6662160000000001
768656303.484122,1.6822869999999999
768656303.4848831,1.679341
768656305.322623,1.773415
768656305.334256,1.787212
768656307.068254,1.66777
768656307.070205,1.6716490000000002
768656308.793988,1.661886
768656308.796883,1.668915
768656310.416176,1.561531
768656310.432669,1.5756649999999999
768656312.2471199,1.773596
768656312.2478269,1.7510379999999999
768656314.040842,1.717793
768656314.041354,1.7190249999999998
768656315.73372,1.6288539999999998
768656315.733961,1.628437
768656317.6018311,1.8028339999999998
768656317.609555,1.8124090000000002
768656319.428165,1.758396
768656319.429197,1.7599289999999999
768656321.254153,1.7511860000000001
768656321.25504,1.761538
768656323.059307,1.738815
768656323.060144,1.737682
768656324.8591341,1.7340630000000001
768656324.870816,1.727899
768656326.604143,1.670044
768656326.604964,1.681822
768656328.2949151,1.6250850000000001
768656328.306452,1.639478
768656329.9975511,1.6353680000000002
768656330.009077,1.636015
768656331.6563491,1.583533
768656331.657136,1.596087
768656333.4950811,1.773881
768656333.4981179,1.778202
768656335.268717,1.7068750000000001
768656335.271929,1.7069509999999999
768656337.085434,1.753225
768656337.086135,1.7266709999999998
768656338.900272,1.753688
768656338.91208,1.766627
768656340.6879821,1.730918
768656340.69321,1.723505
768656342.4265269,1.679026
768656342.437839,1.6673829999999998
768656344.180171,1.6849949999999998
768656344.182376,1.692652
768656345.9530799,1.703537
768656345.9541421,1.707762
768656347.630692,1.6143189999999998
768656347.6310381,1.612495
768656349.291234,1.596674
768656349.303773,1.6080249999999998
768656351.032028,1.674685
768656351.033421,1.662567
768656353.425417,2.3279870000000003
768656353.437009,2.341834
768656355.667323,2.163579
768656355.679953,2.187259
768656357.914783,2.184197
768656357.926806,2.182748
768656360.143358,2.165008
768656360.151677,2.1607119999999997
768656362.400159,2.189515
768656362.413124,2.193835
768656364.7039751,2.227072
768656364.715362,2.25182
768656366.985098,2.20303
768656366.997707,2.226445
768656369.030316,1.9686399999999997
768656369.041527,1.993177
768656370.898296,1.8009339999999998
768656370.909322,1.8017370000000001
768656372.6669149,1.704399
768656372.678166,1.7050509999999999
768656374.400447,1.65543
768656374.412706,1.678695
768656376.511283,2.0350289999999998
768656376.5228801,2.05898
768656378.2245381,1.6241269999999999
768656378.2246989,1.6352579999999999
768656379.816556,1.528099
768656379.8292259,1.5411439999999998
768656381.946727,2.066839
768656381.958194,2.065025
768656383.932677,1.919716
768656383.932787,1.907422
768656385.823761,1.827676
768656385.823816,1.8271
768656387.678346,1.787613
768656387.6908499,1.800322
768656389.584585,1.842927
768656389.59741,1.842667
768656391.567493,1.9162579999999998
768656391.567593,1.902882
768656393.273246,1.6421540000000001
768656393.285058,1.6534010000000001
768656395.126938,1.7753050000000001
768656395.127574,1.7871670000000002
768656396.94434,1.75402
768656396.956829,1.76482
768656398.748873,1.738108
768656398.749099,1.724577
768656400.83614,2.023759
768656400.8476169,2.033787
768656402.7403951,1.829541
768656402.752453,1.8525900000000002
768656404.79898,1.982929
768656404.810462,2.006533
768656406.77618,1.898802
768656406.777197,1.9110909999999999
768656408.642476,1.800994
768656408.654229,1.8145660000000001
768656410.503515,1.7828270000000002
768656410.504377,1.795351
768656412.383283,1.81629
768656412.404598,1.835901
768656414.140776,1.6831839999999998
768656414.141047,1.664394
768656415.880795,1.666249
768656415.881613,1.666802
768656417.649999,1.717165
768656417.662222,1.728126
768656419.327651,1.6038540000000001
768656419.328658,1.580098
768656421.047627,1.654769
768656421.058983,1.667594
768656422.7933669,1.667859
768656422.793653,1.6790150000000001
768656424.513223,1.656653
768656424.5133079,1.65541
768656426.327147,1.749259
768656426.327764,1.750232
768656428.1486499,1.7577280000000002
768656428.152298,1.7602900000000001
768656430.124872,1.909958
768656430.1249219,1.905082
768656431.945191,1.756831
768656431.945462,1.756696
768656433.974833,1.9435870000000002
768656433.975765,1.938339
768656435.788738,1.7472340000000002
768656435.789519,1.745816
768656437.5765309,1.724772
768656437.577047,1.723098
768656439.319568,1.67423
768656439.329371,1.686497
768656441.1246301,1.746718
768656441.134797,1.747997
768656442.8591751,1.664486
768656442.869932,1.68519
768656444.746757,1.8306769999999999
768656444.760527,1.833402
768656446.559355,1.755604
768656446.576381,1.758334
768656448.255587,1.6390179999999999
768656448.2680761,1.628202
768656450.087914,1.765978
768656450.08803,1.752396
768656451.9911671,1.836087
768656452.033926,1.8819080000000001
768656453.7045671,1.6020260000000002
768656453.715984,1.60778
768656455.343193,1.574547
768656455.355216,1.575138
768656457.1904761,1.783438
768656457.202032,1.783137
768656458.98061,1.712133
768656458.993269,1.7355770000000001
768656460.7423279,1.6848589999999999
768656460.753829,1.7095859999999998
768656462.499329,1.682002
768656462.499395,1.693433
768656464.421175,1.8574760000000001
768656464.433095,1.869317
768656466.219448,1.738662
768656466.220781,1.72733
768656468.1526409,1.868115
768656468.154264,1.871428
768656469.890518,1.669092
768656469.903203,1.683887
768656471.7125651,1.744315
768656471.712738,1.732632
768656473.568019,1.79708
768656473.5686,1.79794
768656475.394342,1.749668
768656475.420521,1.774721
768656477.7000171,2.232709
768656477.710566,2.232574
768656480.158673,2.380674
768656480.160487,2.39346
768656482.5968161,2.3691329999999997
768656482.597152,2.372019
768656484.731016,2.0698909999999997
768656484.7432001,2.0827649999999998
768656486.5704949,1.772969
768656486.5833199,1.773029
768656488.3157849,1.681537
768656488.328053,1.680839
768656490.133734,1.7515239999999999
768656490.134957,1.739581
768656491.757545,1.5604639999999999
768656491.758232,1.5586849999999999
768656493.525077,1.704009
768656493.525162,1.702475
768656495.2791519,1.686443
768656495.2793931,1.664165
768656497.091277,1.74765
768656497.1036559,1.760495
768656498.918944,1.7619529999999999
768656498.931388,1.760531
768656500.6654971,1.6703
768656500.695892,1.713656
768656502.361331,1.5987740000000001
768656502.361652,1.6293449999999998
768656504.063887,1.638622
768656504.077534,1.652053
768656505.88816,1.7502900000000001
768656505.905716,1.774142
768656507.599336,1.616725
768656507.610527,1.66559
768656509.447911,1.763217
768656509.47411,1.800032
768656511.216067,1.680261
768656511.22607,1.7026050000000001
768656513.051739,1.7685929999999999
768656513.064363,1.790667
768656514.9076059,1.778948
768656514.91785,1.802568
768656516.688218,1.716799
768656516.69987,1.718497
768656518.3372179,1.582064
768656518.348124,1.581698
768656520.149654,1.748171
768656520.158831,1.747264
768656522.061236,1.84432
768656522.072728,1.8465459999999998
768656524.304776,2.179791
768656524.316935,2.180673
768656526.220307,1.836607
768656526.2210491,1.848946
768656528.1346711,1.849192
768656528.142269,1.858904
768656530.0193651,1.7921639999999999
768656530.019977,1.817467
768656531.818029,1.735347
768656531.8186151,1.7340179999999998
768656533.521206,1.638781
768656533.521687,1.639779
768656535.319139,1.7195150000000001
768656535.337973,1.738084
768656537.1628821,1.786375
768656537.174223,1.778964
768656538.846699,1.593638
768656538.8558049,1.6133359999999999
768656540.826355,1.916629
768656540.837531,1.9172449999999999
768656542.693343,1.803531
768656542.693904,1.7924099999999998
768656544.549852,1.7789080000000002
768656544.5614239,1.78958
768656546.4581571,1.8297459999999999
768656546.458267,1.841464
768656548.159609,1.637684
768656548.160807,1.6386770000000002
768656550.0353581,1.8072789999999999
768656550.035403,1.808887
768656551.7957771,1.6959950000000001
768656551.807956,1.708509
768656553.425292,1.565666
768656553.425824,1.553964
768656555.153362,1.6622919999999999
768656555.154459,1.661198
768656556.850695,1.631525
768656556.862046,1.645196
768656558.496092,1.5578560000000001
768656558.496277,1.567671
768656560.26438,1.704034
768656560.275676,1.7158360000000001
768656561.991928,1.660146
768656562.003315,1.6604619999999999
768656563.637265,1.559288
768656563.649103,1.581768
768656565.382099,1.68105
768656565.382344,1.6692770000000001
768656567.156797,1.707116
768656567.1679931,1.720292
768656568.89086,1.622749
768656568.902763,1.682123
768656570.637879,1.68108
768656570.650724,1.680569
768656572.270337,1.569439
768656572.315145,1.599952
768656574.046382,1.716246
768656574.046523,1.6713
768656575.730289,1.619718
768656575.742202,1.63161
768656577.532316,1.7385899999999999
768656577.5492901,1.742829
768656579.365275,1.773211
768656579.376974,1.748613
768656580.952493,1.530009
768656580.979479,1.544941
768656582.629497,1.617081
768656582.655229,1.609311
768656584.37592,1.673878
768656584.4180859,1.705408
768656586.066818,1.6310630000000002
768656586.077146,1.5993249999999999
768656587.786542,1.651901
768656587.797467,1.67299
768656589.471456,1.610526
768656589.472062,1.621541
768656591.236326,1.697268
768656591.237374,1.6982760000000001
768656592.970871,1.671363
768656592.983149,1.681711
768656594.577678,1.540463
768656594.589486,1.538658
768656596.31954,1.666626
768656596.3307409,1.689359
768656598.1023821,1.704619
768656598.11466,1.727749
768656599.83559,1.6699
768656599.8651451,1.6865109999999999
768656601.572333,1.679632
768656601.57295,1.650031
768656603.744112,2.105124
768656603.7564709,2.117051
768656606.010215,2.202785
768656606.010697,2.167833
768656608.094293,2.023494
768656608.122625,2.0381620000000003
768656609.640715,1.469088
768656609.651615,1.467033
768656611.135756,1.4091749999999998
768656611.1362981,1.419977
768656612.819984,1.619808
768656612.8309641,1.631264
768656614.322047,1.434832
768656614.333669,1.433424
768656616.053655,1.667384
768656616.0690161,1.671913
768656617.560153,1.439362
768656617.57147,1.435357
768656619.077262,1.4420730000000002
768656619.0775319,1.4538710000000001
768656620.73413,1.5918569999999999
768656620.745777,1.605429
768656622.371589,1.558975
768656622.372862,1.570854
768656624.176587,1.741601
768656624.186115,1.729553
768656625.923424,1.665687
768656625.932068,1.6824299999999999
768656627.6256319,1.650167
768656627.654628,1.669907
768656629.366544,1.6888560000000001
768656629.3778759,1.648214
768656631.137018,1.69014
768656631.149236,1.7112399999999999
768656632.925812,1.70967
768656632.9501599,1.743828
768656634.6378909,1.621176
768656634.6505909,1.670091
768656636.3475031,1.6327379999999998
768656636.3586841,1.657801
768656638.0312151,1.608968
768656638.03129,1.620424
768656640.037954,1.9425
768656640.039493,1.943932
768656641.732255,1.623792
768656641.7331171,1.626127
768656643.463898,1.668074
768656643.476211,1.678414
768656645.077596,1.549745
768656645.08996,1.5500049999999999
768656646.881202,1.737256
768656646.90868,1.751714
768656648.6575379,1.719197
768656648.669596,1.6968969999999999
768656650.847779,2.1103
768656650.858464,2.134491
768656652.4983879,1.586755
768656652.509735,1.587893
768656654.411278,1.834523
768656654.411293,1.845899
768656656.439682,1.96438
768656656.452021,1.9768289999999997
768656658.431992,1.912709
768656658.443198,1.936846
768656660.253083,1.7460959999999999
768656660.265147,1.768659
768656662.137111,1.8180690000000002
768656662.150167,1.817903
768656663.9539521,1.753554
768656663.954749,1.740689
768656665.618589,1.5759
768656665.631184,1.588173
768656667.277999,1.5791629999999999
768656667.289055,1.6040349999999999
768656669.1099,1.7680630000000002
768656669.1213771,1.768559
768656670.823827,1.635785
768656670.8370379,1.660021
768656672.4427719,1.555317
768656672.455061,1.55426
768656674.287403,1.764905
768656674.2989049,1.7893780000000001
768656676.125344,1.774096
768656676.130365,1.767626
768656677.884029,1.662817
768656677.884927,1.6913939999999998
768656679.704409,1.756797
768656679.705091,1.756034
768656681.536952,1.767301
768656681.537067,1.7692560000000002
768656683.342407,1.737546
768656683.342988,1.739266
768656685.133819,1.7271020000000001
768656685.1458521,1.7394260000000001
768656687.0044299,1.804573
768656687.005312,1.792319
768656688.8270351,1.7587810000000001
768656688.839273,1.76907
768656690.685774,1.792108
768656690.685894,1.779079
768656692.5556281,1.805164
768656692.567621,1.817974
768656694.3810301,1.7588059999999999
768656694.381616,1.746959
768656696.1833969,1.73697
768656696.183984,1.73932
768656698.037134,1.786335
768656698.05031,1.799666
768656699.702353,1.601545
768656699.715503,1.601154
768656701.582462,1.8162600000000002
768656701.582692,1.8033750000000002
768656703.307941,1.658788
768656703.349913,1.699985
768656705.168063,1.796444
768656705.178898,1.765247
768656706.966231,1.720843
768656706.9782939,1.742824
768656708.8200979,1.7905600000000002
768656708.832713,1.7901639999999999
768656710.603226,1.71963
768656710.615625,1.718523
768656712.348706,1.682388
768656712.3610351,1.681552
768656714.236805,1.821712
768656714.264243,1.836198
768656716.2598749,1.938343
768656716.271171,1.9774469999999997
768656718.2341781,1.883216
768656718.244988,1.906866
768656719.91386,1.61643
768656719.925136,1.61636
768656721.608892,1.620058
768656721.60989,1.6321109999999999
768656723.350203,1.672696
768656723.361168,1.6855660000000001
768656725.051131,1.615881
768656725.055609,1.630545
768656727.317287,2.18279
768656727.3183041,2.186033
768656729.478119,2.0968739999999997
768656729.4908191,2.108331
768656731.239662,1.694877
768656731.240794,1.682188
768656733.04666,1.74127
768656733.0580521,1.755513
768656734.7811439,1.656112
768656734.781856,1.6677840000000002
768656736.469481,1.623721
768656736.517027,1.671743
768656738.2447009,1.66374
768656738.2451321,1.711672
768656739.9472461,1.6378650000000001
768656739.958828,1.6495920000000002
768656741.630657,1.5930460000000002
768656741.6461481,1.597982
768656743.465786,1.768163
768656743.4812319,1.768584
768656745.11845,1.5890609999999998
768656745.1351091,1.5902340000000001
768656746.899799,1.714754
768656746.902791,1.700961
768656748.7585579,1.795442
768656748.770997,1.804146
768656750.597305,1.748898
768656750.598167,1.761119
768656752.3224031,1.659895
768656752.422159,1.761053
768656754.13147,1.649544
768656754.136041,1.733542
768656755.746211,1.557838
768656755.747434,1.536223
768656757.496402,1.6868079999999999
768656757.497219,1.685179
768656759.30506,1.741957
768656759.331262,1.766893
768656761.0471121,1.657402
768656761.058383,1.6847940000000001
768656762.8661879,1.740915
768656762.8789029,1.7645950000000001
768656764.717931,1.788441
768656764.718021,1.7662170000000001
768656766.542575,1.760279
768656766.554433,1.7722479999999998
768656768.399613,1.783088
768656768.403224,1.785298
768656770.229537,1.758957
768656770.229622,1.7690640000000002
768656772.150927,1.857851
768656772.152776,1.859386
768656774.324383,2.104651
768656774.326022,2.1078989999999997
768656776.2287489,1.837755
768656776.23988,1.851958
768656778.2059239,1.910656
768656778.217045,1.910735
768656780.025176,1.755434
768656780.039249,1.7583760000000002
768656781.73792,1.6301219999999998
768656781.738742,1.643884
768656783.653216,1.8521029999999998
768656783.6534959,1.850805
768656785.5467279,1.829828
768656785.547001,1.828871
768656787.358836,1.75115
768656787.3596929,1.752486
768656789.1690359,1.7452640000000001
768656789.180463,1.7580099999999999
768656791.0167919,1.781206
768656791.026919,1.780332
768656792.814952,1.7408700000000001
768656792.8149979,1.7095529999999999
768656794.676914,1.798033
768656794.689217,1.8088570000000002
768656796.546628,1.8063770000000001
768656796.558541,1.80543
768656798.282982,1.670255
768656798.283523,1.657355
768656799.9950039,1.647677
768656800.034266,1.6870889999999998
768656801.756542,1.671483
768656801.769467,1.6657849999999998
768656803.526008,1.705762
768656803.526544,1.693309
768656805.3600861,1.7706359999999999
768656805.387844,1.796705
768656807.092799,1.673267
768656807.105083,1.639775
768656808.8641349,1.707692
768656808.864215,1.695163
768656810.6643721,1.736098
768656810.664894,1.737326
768656812.4741371,1.735991
768656812.4856089,1.746917
768656814.171014,1.62963
768656814.182566,1.630182
768656816.110787,1.86484
768656816.112096,1.856285
768656817.9352059,1.755674
768656817.9363589,1.758135
768656819.6864749,1.685671
768656819.697681,1.699303
768656821.515881,1.75429
768656821.5281739,1.778307
768656823.386632,1.804001
768656823.3876351,1.7919539999999998
768656825.1424359,1.6903860000000002
768656825.153337,1.702806
768656826.97949,1.759403
768656826.9796649,1.770769
768656828.6907051,1.647101
768656828.691337,1.647702
768656830.475356,1.721985
768656830.475417,1.677707
768656832.3397751,1.790818
768656832.351482,1.802759
768656834.17374,1.761659
768656834.185878,1.786419
768656835.887431,1.6379789999999999
768656835.888924,1.65101
768656837.7066779,1.7556640000000001
768656837.707134,1.7535230000000002
768656839.39947,1.626604
768656839.400733,1.625105
768656841.268312,1.8033750000000002
768656841.273159,1.810145
768656843.0007529,1.660763
768656843.0013989,1.672445
768656844.739502,1.675101
768656844.739728,1.662242
768656846.48788,1.684979
768656846.4885811,1.674684
768656848.458004,1.892089
768656848.484259,1.9326160000000001
768656850.248779,1.698712
768656850.2495761,1.73139
768656852.527511,2.213736
768656852.539183,2.227012
768656854.827603,2.222095
768656854.8376399,2.243101
768656856.916232,2.02099
768656856.9278741,2.036999
768656858.669701,1.675181
768656858.6707081,1.6879009999999999
768656860.402536,1.667283
768656860.413933,1.680864
768656862.194454,1.713846
768656862.195527,1.726291
768656863.950374,1.690081
768656863.950384,1.692823
768656865.6935079,1.652573
768656865.694811,1.656683
768656867.533178,1.772909
768656867.533729,1.7714860000000001
768656869.460256,1.86327
768656869.483292,1.8848669999999998
768656871.422476,1.879495
768656871.43514,1.907532
768656873.170241,1.670952
768656873.181778,1.69575
768656875.057554,1.795827
768656875.06997,1.83557
768656877.17763,2.0631909999999998
768656877.182896,2.048706
768656879.0514,1.813217
768656879.055984,1.8059560000000001
768656880.8407351,1.720913
768656880.852081,1.743991
768656882.641158,1.7255090000000002
768656882.642266,1.737666
768656884.608585,1.902255
768656884.620227,1.915712
768656886.475774,1.788981
768656886.488218,1.812751
768656888.324123,1.7716159999999999
768656888.335049,1.796234
768656890.049687,1.658197
768656890.0499929,1.648323
768656891.948795,1.8345429999999998
768656891.9611291,1.847427
768656893.865829,1.8156780000000001
768656893.877707,1.839018
768656895.8421321,1.8974840000000002
768656895.854326,1.92159
768656897.630843,1.726005
768656897.6440591,1.7254779999999998
768656899.4223001,1.725133
768656899.425056,1.714392
768656901.200942,1.710874
768656901.211778,1.7262149999999998
768656903.0074301,1.729022
768656903.0080111,1.7403080000000002
768656904.903481,1.832609
768656904.903922,1.8316560000000002
768656906.640126,1.648109
768656906.640702,1.67246
768656908.596388,1.891696
768656908.6075081,1.903343
768656910.4346141,1.760319
768656910.435385,1.772102
768656912.300027,1.790682
768656912.3006239,1.7896839999999998
768656914.240332,1.87829
768656914.252024,1.8915220000000001
768656916.124632,1.8202509999999998
768656916.127066,1.811259
768656917.994742,1.790594
768656917.994822,1.802789
768656919.819812,1.7670190000000001
768656919.8207021,1.768394
768656921.608672,1.732248
768656921.609369,1.7310139999999998
768656923.5285131,1.853071
768656923.541062,1.864307
768656925.462788,1.870832
768656925.462903,1.8580619999999999
768656927.460355,1.9303759999999999
768656927.4613581,1.931378
768656929.6536679,2.1265020000000003
768656929.665511,2.139458
768656931.506558,1.768744
768656931.507145,1.774343
768656933.382532,1.811353
768656933.393553,1.82267
768656935.133651,1.6737430000000002
768656935.133926,1.684207
768656937.0297469,1.831861
768656937.040497,1.8424310000000002
768656938.981021,1.873373
768656938.981572,1.884574
768656940.7333419,1.6879309999999998
768656940.746087,1.70041
768656942.596476,1.800067
768656942.5972979,1.7869069999999998
768656944.693906,2.032859
768656944.70635,2.045028
768656946.62807,1.867795
768656946.628286,1.8309549999999999
768656948.5277851,1.835785
768656948.539016,1.8467360000000002
768656950.3784701,1.783729
768656950.381406,1.775996
768656952.180506,1.7385739999999998
768656952.2130569,1.767537
768656954.061312,1.782236
768656954.074207,1.832719
768656955.85563,1.730705
768656955.856382,1.71768
768656957.712851,1.7932810000000001
768656957.713262,1.7924099999999998
768656959.474053,1.693474
768656959.4855039,1.7065839999999999
768656961.2596359,1.710745
768656961.27204,1.734249
768656963.181592,1.8420450000000002
768656963.192066,1.866001
768656964.988024,1.742483
768656964.999556,1.7437209999999999
768656966.735243,1.668847
768656966.736376,1.681025
768656968.528049,1.729377
768656968.528785,1.727839
768656970.462634,1.871489
768656970.463892,1.8705720000000001
768656972.341214,1.8158239999999999
768656972.34174,1.813624
768656974.15554,1.746979
768656974.166556,1.7583849999999999
768656975.88797,1.6577709999999999
768656975.8887069,1.669088
768656978.496024,2.5443559999999996
768656978.497252,2.54413
768656980.935034,2.372345
768656980.936097,2.371874
768656983.100142,2.099038
768656983.101435,2.097304
768656984.9603591,1.794319
768656984.971881,1.808352
768656986.834363,1.796068
768656986.846807,1.819658
768656988.8128611,1.91508
768656988.8130419,1.9020389999999998
768656990.766105,1.889175
768656990.7672479,1.890689
768656992.822579,1.9929610000000002
768656992.8231411,1.991198
768656994.6668301,1.777018
768656994.6678519,1.77752
768656996.4444901,1.712403
768656996.455741,1.725604
768656998.165608,1.643378
768656998.166024,1.654453
768656999.980946,1.750101
768656999.9924829,1.7629709999999998
768657001.6908079,1.6081100000000002
768657001.6912841,1.618444
768657003.480967,1.722662
768657003.514866,1.76037
768657005.159627,1.614887
768657005.206997,1.628864
768657007.0030351,1.730049
768657007.004083,1.7780470000000002
768657008.819541,1.753232
768657008.824382,1.75606
768657010.7613181,1.881444
768657010.762261,1.8706960000000001
768657012.501997,1.675667
768657012.526336,1.701529
768657014.2919409,1.705678
768657014.292763,1.71569
768657016.1198909,1.7648270000000001
768657016.142794,1.7858939999999999
768657017.805028,1.6017970000000001
768657017.822012,1.641995
768657019.5730909,1.710894
768657019.582834,1.6858739999999999
768657021.376024,1.745635
768657021.38724,1.746984
768657023.1946449,1.718136
768657023.195637,1.752787
768657025.063367,1.8032949999999999
768657025.073976,1.816525
768657027.022735,1.881973
768657027.023482,1.893205
768657028.874713,1.7870620000000002
768657028.885543,1.799586
768657030.86348,1.924798
768657030.8747361,1.925319
768657032.696777,1.769649
768657032.736103,1.785207
768657034.5191381,1.72217
768657034.519995,1.763058
768657036.327467,1.7440170000000002
768657036.337466,1.753981
768657038.2182829,1.8209000000000002
768657038.219674,1.8323960000000001
768657040.028733,1.753867
768657040.045845,1.768308
768657041.8317341,1.741279
768657041.83205,1.6917900000000001
768657043.588335,1.692492
768657043.600293,1.704365
768657045.464194,1.8122209999999999
768657045.4647,1.800624
768657047.4979659,1.9650409999999998
768657047.508651,1.9784030000000001
768657049.375023,1.813483
768657049.385723,1.8138239999999999
768657051.1553891,1.702761
768657051.1560451,1.7138959999999999
768657053.179137,1.959283
768657053.190383,1.9717319999999998
768657055.040823,1.783454
768657055.053121,1.807038
768657056.848443,1.731482
768657056.8597491,1.755464
768657058.759784,1.8369529999999998
768657058.761723,1.849437
768657060.72908,1.906244
768657060.740888,1.9155419999999999
768657062.687035,1.891575
768657062.7001109,1.891555
768657064.5566341,1.770824
768657064.568357,1.818044
768657066.24022,1.6052790000000001
768657066.241067,1.6178329999999999
768657068.140586,1.8353650000000001
768657068.142029,1.8381560000000001
768657069.934469,1.724888
768657069.9346989,1.727047
768657071.690148,1.691379
768657071.702471,1.7037930000000001
768657073.429052,1.675437
768657073.429158,1.663149
768657075.296396,1.7991249999999999
768657075.297168,1.80116
768657077.100663,1.7407290000000002
768657077.10558,1.7441170000000001
768657078.924892,1.741273
768657078.925061,1.764606
768657080.7129619,1.730629
768657080.724118,1.741528
768657082.5457109,1.7412269999999999
768657082.546202,1.769552
768657084.353037,1.743943
768657084.364544,1.753933
768657086.148041,1.7350700000000001
768657086.1488019,1.723611
768657087.959429,1.7349480000000002
768657087.970555,1.747598
768657089.984982,1.913049
768657089.985433,1.916585
768657091.866524,1.813393
768657091.878476,1.827321
768657093.851411,1.885611
768657093.852023,1.9216000000000002
768657095.7804841,1.863099
768657095.781366,1.862112
768657097.725163,1.8799789999999998
768657097.73666,1.893008
768657099.576394,1.772643
768657099.577492,1.785173
768657101.408581,1.7692249999999998
768657101.421211,1.7796649999999998
768657103.535846,2.060659
768657103.536687,2.048641
768657105.883678,2.282325
768657105.910426,2.311548
768657107.7347189,1.7476939999999999
768657107.735778,1.791823
768657109.477323,1.685438
768657109.4774281,1.683812
768657111.2054219,1.660868
768657111.206194,1.6623569999999999
768657112.879246,1.597955
768657112.890928,1.611183
768657114.6213881,1.66375
768657114.6337119,1.6879410000000001
768657116.339935,1.6419489999999999
768657116.365239,1.680188
768657118.1045649,1.667564
768657118.105422,1.697584
768657119.875033,1.7048
768657119.88666,1.711756
768657121.759281,1.8063770000000001
768657121.759873,1.819111
768657123.7757479,1.946302
768657123.7886729,1.9605709999999998
768657125.750792,1.909743
768657125.751539,1.897073
768657127.674192,1.854639
768657127.687112,1.865345
768657129.3486971,1.609413
768657129.3609251,1.60798
768657131.1700779,1.752787
768657131.182497,1.752376
768657132.824106,1.58874
768657132.8367901,1.5880239999999999
768657134.6445601,1.738754
768657134.644781,1.752416
768657136.399808,1.689274
768657136.446537,1.732836
768657138.1880779,1.655475
768657138.1890501,1.721013
768657140.1183231,1.842165
768657140.1300509,1.874585
768657141.936128,1.736662
768657141.93622,1.751495
768657143.655844,1.663176
768657143.666332,1.671082
768657145.470544,1.757888
768657145.4821709,1.7568009999999998
768657147.1922,1.6622620000000001
768657147.19692,1.652723
768657149.3543969,2.105277
768657149.35542,2.0815400000000004
768657151.032608,1.6184159999999999
768657151.0450369,1.62675
768657152.998456,1.8873609999999998
768657153.009602,1.913707
768657154.733096,1.666331
768657154.736654,1.6607180000000001
768657156.474105,1.675572
768657156.524964,1.724552
768657158.3036159,1.7635669999999999
768657158.31588,1.727558
768657160.150517,1.7813830000000002
768657160.153519,1.773876
768657161.8691951,1.650023
768657161.881068,1.6607919999999998
768657163.6126511,1.6779169999999999
768657163.612841,1.668236
768657165.421664,1.7429189999999999
768657165.4336311,1.7573429999999999
768657167.221069,1.7212340000000002
768657167.2322,1.741701
768657169.0311351,1.733077
768657169.043178,1.758636
768657170.8076221,1.708364
768657170.807787,1.6977039999999999
768657172.593105,1.719239
768657172.606076,1.735253
768657174.385314,1.7265309999999998
768657174.385354,1.7220849999999999
768657176.114687,1.662818
768657176.1191219,1.670355
768657177.7654469,1.579231
768657177.78185,1.5743669999999998
768657179.5188711,1.696679
768657179.530588,1.683311
768657181.394715,1.797868
768657181.3951011,1.812833
768657183.306998,1.8435030000000001
768657183.312805,1.851115
768657185.34925,1.9768139999999998
768657185.3613131,1.9912139999999998
768657187.153341,1.735241
768657187.153597,1.725745
768657188.9041489,1.686988
768657188.905376,1.685345
768657190.654495,1.687044
768657190.6554071,1.683721
768657192.47704,1.755438
768657192.488827,1.7707389999999998
768657194.242356,1.686939
768657194.242697,1.6963
768657196.133816,1.827973
768657196.138362,1.8290039999999999
768657197.951404,1.7509730000000001
768657197.95179,1.743972
768657199.7405411,1.723314
768657199.75104,1.736509
768657201.568593,1.762405
768657201.5802549,1.7653409999999998
768657203.392776,1.755323
768657203.404684,1.757157
768657205.413919,1.945511
768657205.425916,1.9672209999999999
768657207.255748,1.76051
768657207.26733,1.786972
768657209.132414,1.810526
768657209.14381,1.813283
768657210.970329,1.759583
768657210.9705139,1.769491
768657212.7475079,1.714082
768657212.747944,1.711511
768657214.578828,1.7681330000000002
768657214.578888,1.7645600000000001
768657216.480602,1.835274
768657216.4914421,1.848941
768657218.316894,1.759031
768657218.317289,1.768328
768657220.254045,1.8737739999999998
768657220.266248,1.8831099999999998
768657222.1483469,1.8280029999999998
768657222.148924,1.8137139999999998
768657223.923707,1.7123780000000002
768657223.9240631,1.7091610000000002
768657225.659876,1.669298
768657225.671693,1.684007
768657228.254333,2.526038
768657228.265519,2.526985
768657230.5872811,2.254962
768657230.587767,2.264734
768657232.8940641,2.243234
768657232.9057161,2.2518339999999997
768657234.656137,1.695955
768657234.656403,1.681622
768657236.272547,1.553528
768657236.283733,1.5608250000000001
768657238.124084,1.785053
768657238.1364579,1.7835679999999998
768657239.861169,1.673392
768657239.862142,1.659991
768657241.681404,1.756435
768657241.681589,1.753203
768657243.3809019,1.632091
768657243.381002,1.6294849999999999
768657245.303244,1.856604
768657245.314354,1.869789
768657247.331658,1.9509029999999998
768657247.332605,1.960356
768657249.223049,1.828298
768657249.233714,1.835041
768657251.055293,1.7727330000000001
768657251.0556251,1.760035
768657252.7928771,1.6791200000000002
768657252.793178,1.654255
768657254.57095,1.7006320000000001
768657254.587005,1.736281
768657256.284478,1.62211
768657256.2955791,1.6678629999999999
768657257.993814,1.632302
768657258.005782,1.6347530000000001
768657259.6398079,1.560608
768657259.6519461,1.583685
768657261.370549,1.667349
768657261.382787,1.653118
768657263.306588,1.869208
768657263.318871,1.868657
768657265.061339,1.678539
768657265.072455,1.7026649999999999
768657266.954919,1.815363
768657266.955922,1.827752
768657268.6762381,1.658091
768657268.689299,1.669173
768657270.403336,1.66384
768657270.4157541,1.66182
768657272.229751,1.762953
768657272.2404679,1.7604739999999999
768657274.371141,2.0821680000000002
768657274.374634,2.073556
768657276.1157889,1.681401
768657276.117619,1.6784379999999999
768657277.922672,1.740183
768657277.9232589,1.7377070000000001
768657279.767364,1.781088
768657279.767534,1.77977
768657281.655967,1.8246600000000002
768657281.656027,1.824354
768657283.52063,1.797351
768657283.532492,1.809955
768657285.5627661,1.9659339999999998
768657285.574318,1.9905000000000002
768657287.391956,1.7506030000000001
768657287.4034029,1.773802
768657289.175596,1.720472
768657289.186787,1.7198300000000002
768657290.923957,1.681692
768657290.936978,1.682683
768657292.9279189,1.940815
768657292.92837,1.927524
768657294.727561,1.735652
768657294.74021,1.723404
768657296.490682,1.686348
768657296.501998,1.710694
768657298.4395151,1.870872
768657298.4516441,1.893606
768657300.261714,1.758636
768657300.273697,1.75832
768657302.134541,1.806663
768657302.1463529,1.805354
768657303.948977,1.750552
768657303.960909,1.7509279999999998
768657305.814752,1.776823
768657305.826755,1.767201
768657307.54641,1.664997
768657307.558603,1.6641810000000001
768657309.414706,1.792029
768657309.4263331,1.816736
768657311.390146,1.896792
768657311.401984,1.920172
768657313.118026,1.664196
768657313.130485,1.664561
768657314.923976,1.7294019999999999
768657314.935649,1.754521
768657316.767129,1.767677
768657316.76767,1.779965
768657318.660333,1.827376
768657318.672557,1.837359
768657320.537941,1.813995
768657320.549829,1.813017
768657322.382753,1.778141
768657322.394786,1.7778010000000002
768657324.416309,1.9578099999999998
768657324.444685,1.998339
768657326.264433,1.753659
768657326.2759401,1.792886
768657328.1305441,1.802543
768657328.147679,1.807369
768657330.179206,1.982697
768657330.191624,1.977104
768657332.067664,1.8250899999999999
768657332.0842069,1.82896
768657333.910571,1.759973
768657333.910716,1.776312
768657335.764563,1.789708
768657335.776271,1.802913
768657337.778479,1.949425
768657337.790687,1.950423
768657339.599389,1.754501
768657339.611097,1.753368
768657341.519256,1.832913
768657341.5303309,1.855596
768657343.356359,1.758315
768657343.372787,1.787192
768657345.478977,2.065318
768657345.490775,2.05424
768657347.33944,1.782296
768657347.3577,1.812562
768657349.133554,1.718475
768657349.14491,1.742308
768657351.058303,1.857813
768657351.078399,1.866191
768657353.824855,2.708973
768657353.8362019,2.6940000000000004
768657356.069523,2.1665859999999997
768657356.0827991,2.191083
768657357.868969,1.735758
768657357.877895,1.730896
768657359.58034,1.63835
768657359.595124,1.662883
768657361.365106,1.721404
768657361.3660179,1.707537
768657363.172044,1.73888
768657363.1723399,1.740278
768657364.965722,1.729703
768657364.9766719,1.7406439999999999
768657366.711573,1.6684
768657366.7119579,1.679371
768657368.6345559,1.858183
768657368.634726,1.8582729999999998
768657370.488905,1.7903140000000002
768657370.501349,1.803645
768657372.286942,1.72191
768657372.298459,1.722582
768657374.149936,1.785027
768657374.1617329,1.807935
768657376.048367,1.8223340000000001
768657376.054537,1.841313
768657378.012025,1.8896659999999998
768657378.02461,1.9073479999999998
768657379.824928,1.749379
768657379.837061,1.748583
768657381.667088,1.7788030000000001
768657381.667794,1.766439
768657383.428846,1.695244
768657383.441215,1.7053509999999998
768657385.250438,1.745851
768657385.262175,1.769947
768657387.004829,1.67648
768657387.017689,1.700841
768657388.74871,1.6806340000000002
768657388.760834,1.67902
768657390.701669,1.8769209999999998
768657390.7129849,1.9009980000000002
768657392.665668,1.889029
768657392.6784719,1.901226
768657394.497489,1.752221
768657394.497645,1.765868
768657396.416315,1.8551069999999998
768657396.433418,1.871985
768657398.2457091,1.745876
768657398.277934,1.801469
768657399.997729,1.6884569999999999
768657399.998471,1.656734
768657402.000073,1.90896
768657402.000093,1.907597
768657403.783311,1.719414
768657403.795293,1.731758
768657405.612851,1.753499
768657405.624799,1.778221
768657407.2978411,1.618544
768657407.298512,1.606978
768657409.359056,1.997788
768657409.370478,2.0083670000000002
768657411.222701,1.786014
768657411.235456,1.7863149999999999
768657413.091108,1.791658
768657413.103321,1.8174730000000001
768657414.881272,1.7235589999999998
768657414.892809,1.722862
768657416.773268,1.828218
768657416.773383,1.817022
768657418.628499,1.7913320000000001
768657418.632094,1.794541
768657420.513253,1.8235720000000002
768657420.524635,1.8319320000000001
768657422.266366,1.686688
768657422.266812,1.675642
768657424.2474461,1.9057849999999998
768657424.252116,1.9219870000000001
768657426.092688,1.7733409999999998
768657426.092893,1.785408
768657427.965492,1.8091769999999998
768657427.9657,1.809314
768657429.9381491,1.8851250000000002
768657429.949992,1.903864
768657431.751873,1.746984
768657431.757868,1.740978
768657433.5704529,1.754696
768657433.5714259,1.755822
768657435.282686,1.6446399999999999
768657435.283378,1.6466589999999999
768657436.968327,1.620986
768657436.980014,1.6341210000000002
768657438.813539,1.778141
768657438.813885,1.767296
768657440.603809,1.726576
768657440.60449,1.726596
768657442.312718,1.64468
768657442.312984,1.6454970000000002
768657444.059271,1.6825539999999999
768657444.063992,1.68727
768657445.927281,1.781396
768657445.927332,1.781355
768657447.778198,1.768547
768657447.789857,1.779608
768657449.5668639,1.730932
768657449.5778329,1.730434
768657451.422894,1.784439
768657451.423215,1.797049
768657453.204339,1.7245249999999999
768657453.216327,1.735246
768657455.057906,1.774909
768657455.057981,1.786506
768657456.902427,1.769441
768657456.9029931,1.770496
768657458.667392,1.68918
768657458.667958,1.690539
768657460.602449,1.8703
768657460.614813,1.883767
768657462.4317751,1.763066
768657462.43182,1.749765
768657464.2418001,1.727288
768657464.253262,1.7573429999999999
768657466.0132159,1.7041840000000001
768657466.013461,1.69383
768657467.866046,1.788651
768657467.878064,1.8013199999999998
768657469.6680031,1.7254530000000001
768657469.668198,1.738234
768657471.576928,1.84213
768657471.588671,1.8530499999999999
768657473.4191589,1.76688
768657473.4313569,1.7904200000000001
768657475.369696,1.884098
768657475.381529,1.883181
768657478.0590351,2.613376
768657478.071053,2.637618
768657480.455716,2.329565
768657480.4559821,2.318475
768657482.2642131,1.7443980000000001
768657482.275795,1.756566
768657483.979307,1.651827
768657483.991671,1.6519270000000001
768657485.681422,1.616118
768657485.692477,1.6063209999999999
768657487.368786,1.6118739999999998
768657487.380113,1.609127
768657489.191867,1.759312
768657489.203379,1.759654
768657491.119367,1.860373
768657491.1194719,1.849528
768657492.961527,1.778232
768657492.9734299,1.7896889999999999
768657494.911153,1.871192
768657494.922745,1.8943720000000002
768657496.741425,1.754942
768657496.753092,1.7782609999999999
768657498.565604,1.760304
768657498.566285,1.750106
768657500.355723,1.724822
768657500.3672451,1.7371400000000001
768657502.261822,1.8394590000000002
768657502.262128,1.828699
768657503.999855,1.674469
768657504.0367401,1.7102529999999998
768657505.8249251,1.7196399999999998
768657505.836843,1.741216
768657507.688741,1.800262
768657507.7006581,1.800042
768657509.549855,1.785358
768657509.584596,1.831877
768657511.403257,1.752396
768657511.41535,1.798764
768657513.2932531,1.8137940000000001
768657513.304695,1.838071
768657515.263211,1.891661
768657515.274823,1.914599
768657517.0594239,1.721404
768657517.071412,1.744513
768657518.867245,1.729307
768657518.879187,1.752186
768657520.642704,1.6991619999999998
768657520.655033,1.7241909999999998
768657522.49362,1.774969
768657522.505167,1.7985740000000001
768657524.405638,1.836497
768657524.407923,1.850755
768657526.226765,1.730311
768657526.22677,1.7514889999999999
768657528.1431401,1.8528170000000002
768657528.1502371,1.859694
768657529.919956,1.7098339999999999
768657529.9202371,1.7161259999999998
768657531.7252351,1.729107
768657531.725263,1.7290789999999998
768657533.427094,1.644923
768657533.435814,1.653723
768657535.262479,1.7752620000000001
768657535.2742959,1.771225
768657537.0596939,1.7219550000000001
768657537.072168,1.746302
768657538.728065,1.5886959999999999
768657538.7452719,1.594393
768657540.587696,1.796082
768657540.599423,1.7970169999999999
768657542.350842,1.6994230000000001
768657542.351303,1.688237
768657544.138204,1.723022
768657544.143111,1.7286160000000002
768657545.8607509,1.650258
768657545.871992,1.667113
768657547.5632911,1.639017
768657547.563447,1.610881
768657549.367588,1.740077
768657549.380042,1.7525259999999998
768657551.2099639,1.775174
768657551.221195,1.775039
768657553.075363,1.801846
768657553.087507,1.802649
768657554.8693069,1.7269130000000001
768657554.869362,1.715531
768657556.605937,1.672355
768657556.6059871,1.673368
768657558.2759459,1.597321
768657558.2765629,1.5980910000000002
768657560.126501,1.774489
768657560.1291231,1.778567
768657561.919081,1.731935
768657561.9230591,1.733463
768657563.656092,1.680053
768657563.6598049,1.678894
768657565.4599581,1.7400930000000001
768657565.461095,1.737381
768657567.183913,1.657546
768657567.184108,1.656418
768657569.013409,1.7656919999999998
768657569.025532,1.777029
768657570.842032,1.750141
768657570.842744,1.76268
768657572.65297,1.7459369999999999
768657572.653015,1.747756
768657574.444056,1.727183
768657574.455523,1.738539
768657576.208047,1.700369
768657576.234526,1.7146590000000002
768657578.055159,1.743312
768657578.0553269,1.78803
768657579.9256921,1.813842
768657579.9376299,1.825022
768657581.875504,1.849364
768657581.886141,1.896461
768657583.81863,1.88301
768657583.818914,1.872557
768657585.8576571,1.981243
768657585.858108,1.9819159999999998
768657587.609748,1.6729
768657587.6219159,1.6850159999999998
768657589.772956,2.0868860000000002
768657589.783876,2.1105899999999997
768657591.65113,1.800549
768657591.6516609,1.81219
768657593.663572,1.949174
768657593.675675,1.9593129999999999
768657595.522055,1.7949249999999999
768657595.522195,1.782747
768657597.2408329,1.654138
768657597.25257,1.665709
768657598.98268,1.663283
768657598.982785,1.6753969999999998
768657600.810802,1.741406
768657600.821933,1.77546
768657603.376267,2.502328
768657603.37746,2.491853
768657605.7858341,2.3461089999999998
768657605.7859689,2.3440700000000003
768657607.6701319,1.816937
768657607.681924,1.8292549999999999
768657609.4887171,1.755047
768657609.500906,1.755032
768657611.279493,1.714433
768657611.279683,1.7275280000000002
768657613.110231,1.767225
768657613.121723,1.7784820000000001
768657614.817162,1.6284669999999999
768657614.817192,1.64016
768657616.700002,1.819488
768657616.7120451,1.830985
768657618.601871,1.826093
768657618.602067,1.8375139999999999
768657620.501114,1.835545
768657620.513022,1.846997
768657622.2634389,1.694983
768657622.275247,1.695569
768657624.1101799,1.77098
768657624.125536,1.798694
768657625.8877449,1.711511
768657625.900129,1.707387
768657627.7197721,1.7684840000000002
768657627.730637,1.76684
768657629.62341,1.83997
768657629.6240469,1.829987
768657631.513597,1.823757
768657631.513683,1.8223390000000002
768657633.360063,1.782626
768657633.3718901,1.793833
768657635.2566551,1.829886
768657635.269505,1.830909
768657637.412881,2.092087
768657637.424644,2.09117
768657639.270628,1.793803
768657639.283002,1.794589
768657640.9817079,1.647588
768657641.003213,1.656177
768657642.734881,1.665353
768657642.7350961,1.662592
768657644.518685,1.719785
768657644.530122,1.7313020000000001
768657646.185026,1.603319
768657646.185261,1.591211
768657648.038432,1.789262
768657648.042858,1.793677
768657649.89226,1.785738
768657649.892435,1.779865
768657651.655887,1.6999389999999999
768657651.667624,1.711015
768657653.5179191,1.7872210000000002
768657653.527954,1.808375
768657655.1960131,1.617895
768657655.1961279,1.6073540000000002
768657657.134693,1.874258
768657657.139349,1.879463
768657658.790234,1.5833620000000002
768657658.804712,1.5963189999999998
768657660.6189431,1.756808
768657660.644938,1.781621
768657662.564965,1.862611
768657662.576562,1.884578
768657664.430008,1.7894269999999999
768657664.4421359,1.813754
768657666.1820589,1.68537
768657666.182505,1.6740329999999999
768657667.967717,1.721635
768657667.9678731,1.7223659999999998
768657669.732031,1.6720190000000001
768657669.732182,1.676559
768657671.5341431,1.734344
768657671.5347041,1.7360929999999999
768657673.3608819,1.761688
768657673.3729,1.776016
768657675.320902,1.8741050000000001
768657675.320972,1.881256
768657677.160872,1.776312
768657677.1730859,1.788324
768657678.958788,1.731108
768657678.975784,1.736524
768657680.7295179,1.690051
768657680.7295741,1.713705
768657682.5709419,1.777144
768657682.576707,1.783064
768657684.32633,1.691848
768657684.338238,1.703738
768657686.1820871,1.777655
768657686.184566,1.780415
768657687.86788,1.62639
768657687.885244,1.639272
768657689.629521,1.680815
768657689.6414089,1.716534
768657691.4669349,1.7711649999999999
768657691.4671099,1.758285
768657693.4246999,1.8940560000000002
768657693.436402,1.893764
768657695.392503,1.87888
768657695.39329,1.901905
768657697.242316,1.784546
768657697.253908,1.804506
768657699.132612,1.811999
768657699.159201,1.850494
768657700.990606,1.767853
768657700.992842,1.803322
768657702.7389879,1.6818110000000002
768657702.739013,1.686103
768657704.531893,1.729307
768657704.53251,1.729583
768657706.290649,1.694356
768657706.302978,1.707066
768657707.954549,1.6007529999999999
768657707.9661311,1.599184
768657709.995262,1.9550589999999999
768657709.995482,1.935242
768657711.798917,1.7363840000000001
768657711.810189,1.748909
768657713.70845,1.845793
768657713.70865,1.8346580000000001
768657715.603779,1.827952
768657715.603834,1.828654
768657717.664754,1.9972660000000002
768657717.665205,1.9740970000000002
768657719.586324,1.854042
768657719.586654,1.854774
768657721.8657069,2.214758
768657721.866359,2.2161910000000002
768657723.777249,1.8443610000000001
768657723.7775301,1.843794
768657725.530743,1.689274
768657725.531043,1.690612
768657728.160267,2.5629139999999997
768657728.1627829,2.564818
768657730.498042,2.270594
768657730.498062,2.268594
768657732.834524,2.2725720000000003
768657732.846366,2.284771
768657735.175716,2.261732
768657735.1757511,2.274848
768657737.0710399,1.831982
768657737.082908,1.842968
768657738.787162,1.637714
768657738.7876431,1.649923
768657740.374504,1.5229460000000001
768657740.40732,1.555819
768657741.875555,1.437503
768657741.887046,1.416469
768657743.601499,1.650815
768657743.612866,1.673713
768657745.260297,1.5952950000000001
768657745.271333,1.592419
768657747.003918,1.677181
768657747.015841,1.6776469999999999
768657748.837311,1.758342
768657748.848447,1.781171
768657750.563118,1.657406
768657750.589884,1.6999870000000001
768657752.2944939,1.674243
768657752.29894,1.629388
768657753.9502959,1.576249
768657754.000217,1.620369
768657755.716329,1.652318
768657755.728161,1.714177
768657757.4847419,1.7048860000000001
768657757.496665,1.6713399999999998
768657759.200062,1.648956
768657759.211754,1.647878
768657760.791714,1.51568
768657760.8215281,1.557798
768657762.578796,1.720402
768657762.590453,1.7022300000000001
768657764.317801,1.675352
768657764.329047,1.674901
768657766.045054,1.649663
768657766.053508,1.668716
768657767.945255,1.837344
768657767.9539499,1.836473
768657769.7666969,1.70299
768657769.7774899,1.7340229999999999
768657771.5339781,1.696542
768657771.534684,1.7076280000000001
768657773.194204,1.5949950000000002
768657773.205921,1.608681
768657774.956548,1.684207
768657774.9568241,1.695554
768657776.728465,1.707793
768657776.740493,1.720206
768657778.469274,1.6775069999999999
768657778.469775,1.665499
768657780.2087649,1.674279
768657780.218493,1.68534
768657781.9326999,1.6573449999999998
768657781.932976,1.647803
768657783.661547,1.6646210000000001
768657783.661827,1.665624
768657785.493253,1.76729
768657785.494876,1.768454
768657787.232563,1.67263
768657787.232894,1.6711070000000001
768657789.220784,1.924471
768657789.2330719,1.935919
768657791.0889801,1.801425
768657791.089005,1.789312
768657792.870679,1.7180010000000001
768657792.882421,1.729568
768657794.797817,1.863079
768657794.8097451,1.864568
768657796.7697301,1.908028
768657796.781101,1.907417
768657798.549821,1.701733
768657798.549936,1.7131049999999999
768657800.509726,1.896407
768657800.521237,1.907688
768657802.508796,1.93235
768657802.508957,1.9211740000000002
768657804.203022,1.630287
768657804.20446,1.631615
768657805.892722,1.622333
768657805.90472,1.633364
768657807.741132,1.784521
768657807.7534411,1.785032
768657809.433864,1.616811
768657809.4339241,1.6282969999999999
768657811.3207641,1.820294
768657811.332691,1.832167
768657813.1663021,1.769887
768657813.177663,1.793101
768657815.143627,1.910254
768657815.1437119,1.899454
768657817.050077,1.843068
768657817.0726839,1.864968
768657818.947446,1.830583
768657818.947566,1.806959
768657820.9265649,1.915391
768657820.926775,1.9153609999999999
768657822.687606,1.697002
768657822.688092,1.698641
768657824.4950659,1.74358
768657824.506928,1.754997
768657826.433916,1.8725809999999998
768657826.434187,1.8599109999999999
768657828.261192,1.762835
768657828.2724631,1.775085
768657830.019041,1.679838
768657830.031064,1.703027
768657831.8472539,1.742153
768657831.847625,1.7529379999999999
768657833.734149,1.822609
768657833.7342039,1.822395
768657835.507935,1.7065940000000002
768657835.508591,1.708088
768657837.268146,1.695736
768657837.279132,1.708133
768657839.000077,1.672181
768657839.010498,1.67125
768657840.847937,1.790779
768657840.848033,1.780081
768657842.572207,1.6656570000000002
768657842.572983,1.6672900000000002
768657844.2613001,1.62541
768657844.27388,1.636677
768657846.04531,1.692081
768657846.045887,1.704955
768657847.7314171,1.622328
768657847.742493,1.632417
768657849.576058,1.770007
768657849.5765641,1.781394
768657851.301727,1.658232
768657851.3019019,1.658648
768657853.594587,2.229127
768657853.606304,2.240072
768657855.936661,2.275359
768657855.937193,2.264052
768657858.276596,2.2764119999999997
768657858.2884591,2.287377
768657860.6736131,2.333088
768657860.685651,2.333555
768657863.061029,2.308526
768657863.0737181,2.3326330000000004
768657864.8920431,1.754206
768657864.903319,1.778753
768657866.542923,1.584295
768657866.543113,1.5736649999999999
768657868.273664,1.667228
768657868.285477,1.678344
768657869.979557,1.627696
768657869.992452,1.652955
768657871.5915059,1.535226
768657871.5915159,1.548291
768657873.3080491,1.628764
768657873.320553,1.664893
768657875.148044,1.772759
768657875.158824,1.77121
768657876.90473,1.682283
768657876.904845,1.692577
768657878.646101,1.67693
768657878.659021,1.6901469999999998
768657880.4579849,1.735176
768657880.4911981,1.781413
768657882.2578069,1.70025
768657882.270021,1.745314
768657883.999342,1.666481
768657884.033149,1.6724590000000001
768657885.76072,1.675966
768657885.772372,1.625137
768657887.574755,1.7502570000000002
768657887.574845,1.738409
768657889.475151,1.836873
768657889.487139,1.84851
768657891.2408329,1.687425
768657891.252997,1.7111800000000001
768657892.924339,1.619697
768657892.9243441,1.6070929999999999
768657894.787319,1.7994210000000002
768657894.7883179,1.800776
768657896.7008661,1.855603
768657896.7127429,1.8614860000000002
768657898.5688161,1.7896830000000001
768657898.574717,1.807181
768657900.845804,2.213505
768657900.8584731,2.225905
768657902.793259,1.867685
768657902.804931,1.892337
768657904.788581,1.931774
768657904.802839,1.93435
768657906.6848071,1.815974
768657906.685203,1.8299320000000001
768657908.539477,1.79057
768657908.551049,1.8014999999999999
768657910.376851,1.770158
768657910.376996,1.759257
768657912.126576,1.685932
768657912.127628,1.687019
768657913.9980041,1.804613
768657914.009356,1.814541
768657915.990139,1.928531
768657915.9903691,1.917486
768657917.756001,1.675803
768657917.756232,1.676535
768657919.4795101,1.659801
768657919.4797909,1.659881
768657921.229611,1.686648
768657921.241298,1.6841149999999998
768657923.02384,1.727222
768657923.035812,1.728004
768657924.8537359,1.765943
768657924.8726939,1.773012
768657926.537015,1.607151
768657926.544394,1.627089
768657928.336928,1.7288970000000001
768657928.341459,1.747275
768657930.1069051,1.699067
768657930.115978,1.718485
768657931.91649,1.7463279999999999
768657931.91672,1.743621
768657933.698455,1.717871
768657933.6988909,1.707032
768657935.372138,1.6067010000000002
768657935.385975,1.6085859999999998
768657937.1658081,1.722014
768657937.1679051,1.7322089999999999
768657938.935047,1.70068
768657938.9513841,1.7251589999999999
768657940.752198,1.73697
768657940.752689,1.760178
768657942.48995,1.673953
768657942.502176,1.674387
768657944.29575,1.7421769999999999
768657944.296502,1.7370160000000001
768657946.0888261,1.725193
768657946.089302,1.7266810000000001
768657947.779534,1.5891659999999999
768657947.791617,1.6384509999999999
768657949.7241269,1.881046
768657949.724894,1.869704
768657951.519178,1.728371
768657951.519799,1.727398
768657953.265395,1.6817010000000001
768657953.277703,1.6938549999999999
768657955.036484,1.6918149999999998
768657955.0480919,1.69825
768657956.773605,1.673838
768657956.784806,1.626262
768657958.573347,1.7328860000000001
768657958.573833,1.7231690000000002
768657960.237348,1.600162
768657960.249085,1.611824
768657962.0712479,1.7556049999999999
768657962.081123,1.7772350000000001
768657963.780988,1.653217
768657963.7866939,1.648124
768657965.618459,1.768119
768657965.634753,1.79678
768657967.604385,1.8922839999999999
768657967.605192,1.9267859999999999
768657969.6283079,1.958681
768657969.646117,1.9788800000000002
768657971.49199,1.796867
768657971.494628,1.7887199999999999
768657973.406878,1.857538
768657973.407254,1.854633
768657975.190568,1.720607
768657975.201859,1.731007
768657977.4659619,2.2005850000000002
768657977.477895,2.2234979999999998
768657979.963969,2.4316329999999997
768657979.975662,2.430615
768657982.311978,2.260153
768657982.323174,2.260345
768657984.150219,1.7750489999999999
768657984.153281,1.766174
768657985.962796,1.742348
768657985.9629309,1.746799
768657987.7645069,1.737728
768657987.7759839,1.725675
768657989.606126,1.766629
768657989.618239,1.790084
768657991.486094,1.80134
768657991.498293,1.826018
768657993.564224,2.002243
768657993.575315,2.025522
768657995.412328,1.770127
768657995.4247969,1.7936569999999998
768657997.393412,1.917726
768657997.40529,1.916784
768657999.1852751,1.726326
768657999.185671,1.712814
768658001.065234,1.816215
768658001.0772411,1.827756
768658002.920564,1.78863
768658002.9206201,1.776562
768658004.7543501,1.7696159999999999
768658004.766353,1.782556
768658006.724268,1.894071
768658006.724283,1.906385
768658008.474484,1.686944
768658008.4864521,1.6983059999999999
768658010.326698,1.785373
768658010.3268781,1.773335
768658012.1269749,1.735817
768658012.138387,1.748066
768658013.7813979,1.587282
768658013.811499,1.6057190000000001
768658015.4956659,1.650855
768658015.507889,1.6325420000000002
768658017.350541,1.7785229999999999
768658017.362273,1.803175
768658019.2102319,1.781419
768658019.210498,1.792851
768658021.1032109,1.828769
768658021.114528,1.84012
768658023.062068,1.880951
768658023.062349,1.892397
768658024.891975,1.766269
768658024.904113,1.77757
768658026.63969,1.672084
768658026.651448,1.695268
768658028.460857,1.746031
768658028.473085,1.769747
768658030.336405,1.796764
768658030.336755,1.8092679999999999
768658032.1554861,1.755048
768658032.1605829,1.759989
768658033.936188,1.713902
768658033.947765,1.719039
768658035.910887,1.911111
768658035.923066,1.911266
768658037.8055899,1.831059
768658037.80579,1.819132
768658039.549987,1.6776119999999999
768658039.561619,1.688888
768658041.578231,1.952688
768658041.589713,1.976247
768658043.371963,1.7155099999999999
768658043.3835,1.7382179999999998
768658045.289604,1.842371
768658045.301026,1.865615
768658047.02475,1.6569740000000002
768658047.036994,1.680855
768658048.769734,1.6689319999999999
768658048.770456,1.682193
768658050.4788849,1.644701
768658050.491289,1.658072
768658052.266303,1.710844
768658052.2981169,1.755995
768658054.156986,1.8241539999999998
768658054.1692799,1.8049540000000002
768658055.914214,1.693244
768658055.925195,1.692862
768658057.6690011,1.691144
768658057.680147,1.690979
768658059.535588,1.78851
768658059.547345,1.811448
768658061.315604,1.704299
768658061.31605,1.71753
768658063.121389,1.738664
768658063.1326901,1.725654
768658065.086541,1.90186
768658065.0987841,1.902506
768658066.97733,1.82451
768658066.993778,1.828403
768658068.774259,1.716803
768658068.780616,1.7462650000000002
768658070.4604111,1.623381
768658070.466663,1.628076
768658072.134142,1.6095199999999998
768658072.152392,1.6286779999999998
768658073.959736,1.765756
768658073.960287,1.741406
768658075.639603,1.615142
768658075.659573,1.636303
768658077.447774,1.7445780000000002
768658077.4599171,1.742567
768658079.211251,1.684142
768658079.223239,1.70906
768658080.97117,1.696602
768658080.983203,1.696471
768658082.7202979,1.670701
768658082.720534,1.682569
768658084.4133711,1.6290040000000001
768658084.414223,1.629555
768658086.222359,1.743926
768658086.234012,1.757533
768658087.904813,1.606992
768658087.90557,1.619496
768658089.7122331,1.7434200000000002
768658089.7240701,1.754276
768658091.3973471,1.6058649999999999
768658091.409421,1.630663
768658093.200678,1.721757
768658093.207022,1.7343300000000001
768658095.0127829,1.7314159999999998
768658095.0132389,1.7520689999999999
768658096.824898,1.7483220000000002
768658096.837127,1.76041
768658098.705219,1.8169980000000001
768658098.713521,1.812292
768658100.432209,1.641046
768658100.465121,1.707396
768658102.626401,2.094979
768658102.665826,2.167097
768658105.0316811,2.3020620000000003
768658105.043709,2.365585
768658107.406762,2.296303
768658107.4069129,2.308176
768658109.820609,2.349532
768658109.832532,2.361599
768658111.886936,1.9997169999999997
768658111.898318,1.9992059999999998
768658113.810652,1.848655
768658113.810772,1.859556
768658115.663657,1.7859749999999999
768658115.675885,1.799024
768658117.388258,1.6608429999999998
768658117.388299,1.648168
768658119.124156,1.668431
768658119.135899,1.680639
768658120.823554,1.6237370000000002
768658120.835286,1.647788
768658122.5912809,1.689405
768658122.591912,1.701753
768658124.367473,1.712418
768658124.367553,1.710944
768658126.164377,1.728566
768658126.176105,1.739776
768658127.893404,1.6537259999999998
768658127.905091,1.676996
768658129.682035,1.713621
768658129.694008,1.7367000000000001
768658131.42961,1.6812960000000001
768658131.441388,1.680063
768658133.3833909,1.8904029999999998
768658133.39823,1.893079
768658135.2592189,1.809925
768658135.2713131,1.806326
768658137.049248,1.726817
768658137.0612209,1.725809
768658139.21834,2.0894860000000004
768658139.229611,2.1140339999999997
768658141.10756,1.825341
768658141.11176,1.8187959999999999
768658143.015525,1.837143
768658143.026739,1.8588470000000001
768658144.9441049,1.871459
768658144.962733,1.87862
768658146.7772241,1.773448
768658146.793933,1.764024
768658148.552549,1.6950120000000002
768658148.564371,1.729919
768658150.825021,2.1809580000000004
768658150.825597,2.192308
768658152.775178,1.886158
768658152.787592,1.89811
768658154.719686,1.8655950000000001
768658154.720157,1.8777080000000002
768658156.512948,1.7293479999999999
768658156.5424861,1.7587659999999998
768658158.445293,1.836994
768658158.456639,1.8769310000000001
768658160.250512,1.7297580000000001
768658160.2622191,1.753529
768658162.2416891,1.895239
768658162.2421,1.925579
768658164.097887,1.79287
768658164.1130079,1.8067719999999998
768658165.824203,1.659711
768658165.824609,1.645016
768658167.7673839,1.878686
768658167.767505,1.879482
768658169.586541,1.755018
768658169.5873079,1.7567119999999998
768658171.492259,1.839499
768658171.492545,1.836833
768658173.355378,1.799215
768658173.367522,1.810877
768658175.225644,1.7907209999999998
768658175.240935,1.819307
768658176.9846101,1.679632
768658176.995751,1.706539
768658178.8268161,1.75585
768658178.838423,1.7785819999999999
768658180.627735,1.724812
768658180.639412,1.748748
768658182.417583,1.71129
768658182.417729,1.722497
768658184.134347,1.652609
768658184.1401399,1.6581670000000002
768658185.8499421,1.648595
768658185.862862,1.655621
768658187.6758801,1.762499
768658187.676175,1.749655
768658189.665333,1.926021
768658189.665473,1.925895
768658191.528748,1.795496
768658191.529324,1.796825
768658193.4237859,1.819927
768658193.435458,1.8326799999999999
768658195.24104,1.739276
768658195.252298,1.761685
768658197.0628071,1.753328
768658197.072501,1.773398
768658198.723176,1.590915
768658198.739848,1.6172339999999998
768658200.629368,1.825928
768658200.64074,1.8603260000000001
768658202.466241,1.762149
768658202.467203,1.773986
768658204.311574,1.78225
768658204.323552,1.792138
768658206.000402,1.6225779999999999
768658206.000903,1.61007
768658207.7946,1.73044
768658207.8061421,1.740859
768658209.541609,1.683782
768658209.5536519,1.683711
768658211.547811,1.939993
768658211.560165,1.940028
768658213.361771,1.737752
768658213.372787,1.761276
768658215.21617,1.776342
768658215.227827,1.799351
768658216.906622,1.626738
768658216.918234,1.626773
768658218.7181649,1.7481309999999999
768658218.718476,1.713055
768658220.558354,1.776403
768658220.564445,1.78192
768658222.3332499,1.702179
768658222.3447831,1.726177
768658224.191888,1.7952860000000002
768658224.2016311,1.7997239999999999
768658225.990788,1.731522
768658226.0028759,1.734344
768658228.5892999,2.5228450000000002
768658228.600666,2.54631
768658230.906933,2.251128
768658230.906978,2.2398320000000003
768658233.2671651,2.296504
768658233.278727,2.30761
768658235.651653,2.306517
768658235.6642029,2.330337
768658238.026279,2.310836
768658238.0362071,2.3087519999999997
768658240.2371781,2.147291
768658240.249286,2.1493710000000004
768658242.038834,1.735517
768658242.050836,1.734168
768658243.710136,1.607785
768658243.721347,1.606206
768658245.284091,1.510387
768658245.29646,1.5115
768658247.0048591,1.6539320000000002
768658247.0160999,1.6527939999999999
768658248.762497,1.693754
768658248.774711,1.694928
768658250.575735,1.746933
768658250.576522,1.7347549999999998
768658252.327517,1.687126
768658252.3375679,1.6986480000000002
768658254.000281,1.6029099999999998
768658254.0006169,1.61316
768658255.779855,1.7161819999999999
768658255.7803761,1.715505
768658257.645011,1.786609
768658257.655764,1.796556
768658259.398267,1.6936799999999999
768658259.3984779,1.682377
768658261.244292,1.769924
768658261.2556831,1.782221
768658263.154395,1.8201319999999999
768658263.166197,1.842068
768658264.9340401,1.7037820000000001
768658264.9577,1.739862
768658266.6598539,1.63584
768658266.660094,1.659384
768658268.408807,1.6853250000000002
768658268.4088521,1.6843780000000002
768658270.230731,1.754737
768658270.231127,1.755759
768658271.8528839,1.557718
768658271.853485,1.558655
768658273.594224,1.678093
768658273.594801,1.67669
768658275.76064,2.0983009999999997
768658275.763986,2.103975
768658277.35579,1.5429650000000001
768658277.367412,1.546356
768658279.145112,1.722642
768658279.1574961,1.723374
768658280.854543,1.646109
768658280.865739,1.64436
768658282.554703,1.622714
768658282.554978,1.634161
768658284.315243,1.695484
768658284.315253,1.6976140000000002
768658286.096882,1.70115
768658286.097012,1.702537
768658287.870778,1.710774
768658287.870889,1.709341
768658289.5895461,1.654699
768658289.5903779,1.656177
768658291.257591,1.599626
768658291.258047,1.602252
768658292.9482989,1.62729
768658292.960722,1.639042
768658294.691488,1.676063
768658294.6917989,1.640842
768658296.6646421,1.908887
768658296.67523,1.920073
768658298.457872,1.721972
768658298.468777,1.744565
768658300.1216199,1.606192
768658300.135858,1.609741
768658301.884179,1.681215
768658301.8846049,1.6956339999999999
768658303.8160089,1.8672179999999998
768658303.816159,1.868938
768658305.617344,1.725817
768658305.617745,1.707947
768658307.390995,1.696452
768658307.391186,1.6985119999999998
768658309.032909,1.577639
768658309.044326,1.589688
768658310.83025,1.718688
768658310.841792,1.742954
768658312.774328,1.880294
768658312.774939,1.8691929999999999
768658314.5284729,1.68943
768658314.528523,1.6904070000000002
768658316.2312989,1.6386720000000001
768658316.231675,1.6391229999999999
768658317.994119,1.6953230000000001
768658317.9943249,1.69599
768658319.724825,1.667218
768658319.737444,1.679867
768658321.446355,1.6578439999999999
768658321.4668291,1.666004
768658323.118819,1.6128749999999998
768658323.119576,1.592643
768658324.90731,1.723806
768658324.9179059,1.735517
768658326.635216,1.657338
768658326.635565,1.668504
768658328.296673,1.604584
768658328.30833,1.614863
768658330.158756,1.771995
768658330.169092,1.794315
768658331.956802,1.730314
768658331.957203,1.720132
768658333.706763,1.664231
768658333.718605,1.671798
768658335.549169,1.772994
768658335.54977,1.764224
768658337.3026221,1.6883670000000002
768658337.31449,1.702164
768658338.9719551,1.590454
768658338.9732779,1.604146
768658340.736344,1.7014129999999998
768658340.736715,1.699147
768658342.409817,1.610185
768658342.4102681,1.609318
768658344.115283,1.630065
768658344.143393,1.6575
768658345.840978,1.650573
768658345.841143,1.6371859999999998
768658347.666334,1.760961
768658347.667026,1.7622849999999999
768658349.455602,1.711663
768658349.4556379,1.710336
768658351.181601,1.664396
768658351.182519,1.665939
768658353.658364,2.4198929999999996
768658353.670463,2.430975
768658355.959063,2.221363
768658355.970173,2.24594
768658358.354592,2.308591
768658358.354917,2.297917
768658360.361034,1.942779
768658360.372075,1.953058
768658362.109717,1.671343
768658362.1099119,1.681922
768658363.886625,1.713155
768658363.886675,1.7124130000000002
768658365.486206,1.5179049999999998
768658365.4864459,1.5357770000000002
768658367.228122,1.6751660000000002
768658367.228483,1.6744100000000002
768658368.9079701,1.61684
768658368.919988,1.6278460000000001
768658370.455905,1.4816250000000002
768658370.45601,1.468982
768658372.213468,1.694106
768658372.2149609,1.6953529999999999
768658373.944133,1.662276
768658373.944569,1.664702
768658375.601664,1.593431
768658375.6133009,1.605344
768658377.388004,1.71078
768658377.397707,1.732309
768658379.124324,1.681689
768658379.1267941,1.674568
768658380.885735,1.706359
768658380.892996,1.717023
768658382.552498,1.615187
768658382.552628,1.606915
768658384.250538,1.634152
768658384.261995,1.644665
768658386.0834529,1.767031
768658386.0839181,1.74231
768658387.7321409,1.596427
768658387.732497,1.596257
768658389.590479,1.794329
768658389.591156,1.795797
768658391.2897921,1.6332129999999998
768658391.290153,1.631524
768658393.1377101,1.78396
768658393.150164,1.796213
768658395.110936,1.893255
768658395.122753,1.918683
768658396.973098,1.798608
768658396.984845,1.798138
768658399.3225089,2.271285
768658399.325932,2.286264
768658401.26882,1.878511
768658401.2791,1.8933170000000001
768658403.0834429,1.744065
768658403.096143,1.7667430000000002
768658405.096907,1.9370660000000002
768658405.1089951,1.961844
768658406.823294,1.616523
768658406.839972,1.664902
768658408.68845,1.773027
768658408.709156,1.828753
768658410.320491,1.5749360000000001
768658410.3369809,1.5708980000000001
768658412.2081771,1.830357
768658412.2092069,1.808751
768658414.111888,1.842508
768658414.123525,1.85542
768658415.9984211,1.822926
768658415.998752,1.811183
768658417.8713131,1.7784369999999998
768658417.871694,1.78176
768658419.90327,1.967768
768658419.915769,1.980598
768658421.776984,1.810853
768658421.778011,1.798308
768658423.586012,1.741802
768658423.587069,1.740669
768658425.445533,1.79464
768658425.456929,1.807409
768658427.250897,1.7272329999999998
768658427.250972,1.738594
768658429.0495859,1.7346849999999998
768658429.050163,1.734895
768658430.9000909,1.785358
768658430.900572,1.787829
768658432.8844919,1.9197710000000001
768658432.89643,1.933503
768658434.71459,1.764143
768658434.714635,1.751343
768658436.353251,1.574432
768658436.3654289,1.585928
768658438.17792,1.758175
768658438.189933,1.756917
768658439.975266,1.7339980000000002
768658439.9864119,1.732715
768658441.791963,1.730846
768658441.804732,1.726842
768658443.621634,1.7630460000000001
768658443.622381,1.750492
768658445.427821,1.741556
768658445.427821,1.742874
768658447.101739,1.583513
768658447.113296,1.618419
768658448.9020671,1.725318
768658448.902117,1.7367599999999999
768658450.674743,1.706045
768658450.6862781,1.717361
768658452.4823331,1.738793
768658452.492689,1.7609730000000001
768658454.32425,1.771434
768658454.325027,1.782498
768658456.054078,1.664531
768658456.055898,1.668376
768658457.9228439,1.80116
768658457.9229281,1.799242
768658459.555252,1.574634
768658459.5557289,1.575493
768658461.339628,1.719705
768658461.350458,1.730856
768658463.0955471,1.669176
768658463.095688,1.679504
768658464.87853,1.718718
768658464.878715,1.719484
768658466.6058381,1.663243
768658466.6072259,1.664772
768658468.306173,1.6371120000000001
768658468.318516,1.646715
768658470.006387,1.6337949999999999
768658470.0069491,1.620423
768658471.788357,1.716994
768658471.788473,1.7189429999999999
768658473.541118,1.6887860000000001
768658473.541707,1.6904750000000002
768658475.1891279,1.589084
768658475.190166,1.5874059999999999
768658477.983142,2.730758
768658478.009397,2.7550869999999996
768658480.2450941,2.1587020000000003
768658480.261066,2.218581
768658482.309766,1.9742639999999998
768658482.326406,2.023938
768658484.040638,1.639461
768658484.043249,1.676387
768658485.6934271,1.58436
768658485.705385,1.593581
768658487.5051069,1.735642
768658487.505733,1.7484620000000002
768658489.287583,1.7173049999999999
768658489.299145,1.730756
768658491.031048,1.67665
768658491.0311589,1.665248
768658492.908451,1.8134290000000002
768658492.9089171,1.814406
768658494.940478,1.9678479999999998
768658494.940603,1.9690200000000002
768658496.802294,1.798524
768658496.8144879,1.8096539999999999
768658498.472203,1.581525
768658498.4725391,1.5934300000000001
768658500.318448,1.7824959999999999
768658500.3302,1.793983
768658501.924624,1.517717
768658501.925315,1.528471
768658503.690977,1.7007109999999999
768658503.7027301,1.713144
768658505.451723,1.685576
768658505.4628589,1.70866
768658507.3137391,1.795236
768658507.325372,1.795446
768658509.091575,1.713721
768658509.102846,1.713681
768658510.849714,1.680203
768658510.8498551,1.691385
768658512.611959,1.677141
768658512.612049,1.69803
768658514.376353,1.700456
768658514.38808,1.7127990000000002
768658516.166597,1.714408
768658516.166903,1.727322
768658518.105798,1.8725809999999998
768658518.1170139,1.882349
768658519.991294,1.8102260000000001
768658520.0263671,1.856948
768658521.874651,1.785803
768658521.874741,1.767051
768658523.675059,1.736118
768658523.6752241,1.7373560000000001
768658525.754021,2.013776
768658525.765728,2.017991
768658527.638971,1.818531
768658527.651325,1.818872
768658529.419473,1.717109
768658529.431536,1.716673
768658531.2212939,1.735452
768658531.2344251,1.735487
768658533.104771,1.8200200000000002
768658533.115315,1.816746
768658534.877996,1.714003
768658534.8798951,1.697479
768658536.730099,1.785809
768658536.744547,1.809742
768658538.447052,1.6422299999999999
768658538.4474579,1.6503780000000001
768658540.1750621,1.663349
768658540.176635,1.654926
768658542.051316,1.804522
768658542.062397,1.80993
768658543.907194,1.792103
768658543.9187859,1.79273
768658545.745214,1.774453
768658545.7452691,1.762715
768658547.565569,1.753634
768658547.577376,1.7646000000000002
768658549.3756291,1.746598
768658549.388128,1.747264
768658551.1462129,1.691003
768658551.1466539,1.70429
768658553.039256,1.8281969999999998
768658553.050623,1.840101
768658554.787949,1.6816520000000001
768658554.788135,1.670962
768658556.586559,1.73415
768658556.5867491,1.735227
768658558.351089,1.700475
768658558.351665,1.7011319999999999
768658560.160127,1.7450350000000001
768658560.171759,1.731638
768658561.991377,1.7646199999999999
768658561.991522,1.7530480000000002
768658563.741267,1.686177
768658563.752413,1.6962
768658565.435137,1.61875
768658565.435187,1.6300659999999998
768658567.228089,1.712827
768658567.255051,1.752401
768658569.088552,1.803102
768658569.0893501,1.7703090000000001
768658570.845678,1.69739
768658570.846249,1.696077
768658572.532937,1.613918
768658572.563393,1.6440249999999998
768658574.319438,1.692856
768658574.34618,1.749474
768658576.0563481,1.6796440000000001
768658576.066211,1.655826
768658578.058247,1.933882
768658578.096404,1.962661
768658579.7312181,1.6159290000000002
768658579.731434,1.5718640000000001
768658581.436252,1.647352
768658581.438949,1.6496849999999998
768658583.135445,1.629665
768658583.1437689,1.640621
768658584.912609,1.713721
768658584.923273,1.715821
768658586.732116,1.752752
768658586.7433721,1.753479
768658588.602738,1.795256
768658588.613382,1.818049
768658590.350423,1.680755
768658590.350889,1.6704860000000001
768658592.140642,1.727203
768658592.1445351,1.729886
768658593.861023,1.656139
768658593.888217,1.686733
768658595.521887,1.603476
768658595.533975,1.5728339999999998
768658597.4110241,1.81343
768658597.420527,1.83497
768658599.2903689,1.819441
768658599.3006251,1.820335
768658601.161407,1.813877
768658601.171061,1.813323
768658603.705428,2.4837409999999998
768658603.718671,2.487676
768658605.787755,2.024626
768658605.788241,2.0059169999999997
768658607.596512,1.74567
768658607.6123041,1.760119
768658609.3935031,1.7394699999999998
768658609.404759,1.728867
768658611.110196,1.6498680000000001
768658611.1221939,1.650935
768658612.837769,1.652409
768658612.849667,1.675773
768658614.541357,1.64062
768658614.5416371,1.628162
768658616.348721,1.743391
768658616.360664,1.754801
768658618.14305,1.7272669999999999
768658618.162337,1.72495
768658620.048522,1.842025
768658620.054536,1.8347339999999999
768658621.850374,1.7281250000000001
768658621.86221,1.732636
768658623.709853,1.790486
768658623.721067,1.8066849999999999
768658625.540865,1.773755
768658625.5409299,1.762352
768658627.49923,1.8912289999999998
768658627.510384,1.90277
768658629.360281,1.803457
768658629.371719,1.804113
768658631.159525,1.73988
768658631.171658,1.740028
768658632.837743,1.591348
768658632.84929,1.626237
768658634.730607,1.790339
768658634.73264,1.827902
768658636.404049,1.614279
768658636.4671661,1.6724
768658638.1364989,1.6728509999999999
768658638.148376,1.6151060000000002
768658639.936771,1.724351
768658639.94911,1.748898
768658641.659228,1.659019
768658641.671617,1.635755
768658643.423742,1.697949
768658643.4357799,1.697162
768658645.138445,1.639621
768658645.143467,1.644014
768658646.880162,1.6811319999999998
768658646.8917841,1.681341
768658648.6442901,1.689255
768658648.671489,1.7166919999999999
768658650.671587,1.9697999999999998
768658650.671692,1.93655
768658652.627913,1.892909
768658652.639375,1.903367
768658654.551934,1.846536
768658654.5528109,1.857912
768658656.294973,1.677707
768658656.306886,1.691169
768658658.178265,1.804749
768658658.178561,1.816987
768658659.9922651,1.749836
768658659.992591,1.750437
768658661.760633,1.675357
768658661.7608391,1.6774069999999999
768658663.601781,1.776367
768658663.6136091,1.789057
768658665.344991,1.679712
768658665.356864,1.679206
768658667.11154,1.699979
768658667.111956,1.687766
768658668.8889999,1.7127729999999999
768658668.900542,1.724756
768658670.7304881,1.766243
768658670.741529,1.789227
768658672.5376171,1.720186
768658672.54948,1.744392
768658674.276271,1.6602260000000002
768658674.276928,1.672957
768658675.902724,1.561106
768658675.90307,1.563156
768658677.559914,1.593811
768658677.560335,1.594503
768658679.3359699,1.708995
768658679.347417,1.719975
768658681.10068,1.701383
768658681.101657,1.690813
768658682.7477059,1.579443
768658682.7596841,1.59095
768658684.4048901,1.581999
768658684.4163669,1.605163
768658686.168031,1.688337
768658686.1801289,1.711516
768658687.874511,1.630838
768658687.886534,1.655204
768658689.601959,1.664221
768658689.6021999,1.651977
768658691.250589,1.5810030000000002
768658691.2507789,1.582335
768658692.881397,1.566729
768658692.8931899,1.5783909999999999
768658694.744376,1.7966440000000001
768658694.744687,1.785087
768658696.363657,1.555212
768658696.375775,1.568362
768658697.9902301,1.560103
768658698.002303,1.559321
768658699.707114,1.6529150000000001
768658699.726564,1.659986
768658701.590265,1.800142
768658701.590405,1.819523
768658703.249704,1.591472
768658703.249905,1.592985
768658705.007949,1.693143
768658705.020203,1.706334
768658706.735933,1.649491
768658706.7363089,1.66192
768658708.525175,1.726115
768658708.537549,1.7368999999999999
768658710.463244,1.862528
768658710.477522,1.879505
768658712.304191,1.769529
768658712.316465,1.790029
768658713.98443,1.613948
768658713.985056,1.60168
768658715.755715,1.707732
768658715.756502,1.70695
768658717.486385,1.6674879999999999
768658717.486596,1.6460139999999999
768658719.265564,1.711617
768658719.26612,1.712879
768658721.108476,1.7778209999999999
768658721.1203231,1.791487
768658722.906283,1.71956
768658722.9069691,1.731597
768658724.6459141,1.6746
768658724.657155,1.686613
768658726.3677541,1.657991
768658726.380163,1.659179
768658728.626876,2.195643
768658728.6389891,2.195173
768658730.6631579,1.9693470000000002
768658730.663519,1.940981
768658732.459728,1.7328459999999999
768658732.4714149,1.743742
768658734.239297,1.700991
768658734.239964,1.713295
768658735.949851,1.645888
768658735.9498811,1.63527
768658737.8078779,1.770573
768658737.8078829,1.767481
768658739.5412799,1.666867
768658739.553178,1.6789450000000001
768658741.4386591,1.821287
768658741.450266,1.845899
768658743.2617,1.744954
768658743.262081,1.756626
768658745.233116,1.90637
768658745.244483,1.895013
768658747.218385,1.918297
768658747.229746,1.918177
768658749.001167,1.718793
768658749.012468,1.718994
768658750.930064,1.862142
768658750.941952,1.862447
768658752.847098,1.853491
768658752.847209,1.84169
768658754.708393,1.797636
768658754.7185119,1.807911
768658756.527329,1.755298
768658756.538816,1.755924
768658758.2537351,1.648469
768658758.253976,1.65981
768658759.9911511,1.673146
768658760.0285131,1.710669
768658761.6486621,1.561858
768658761.6607,1.562073
768658763.5395709,1.827391
768658763.539817,1.815053
768658765.349176,1.746072
768658765.36142,1.740669
768658767.0577149,1.615227
768658767.069898,1.654277
768658768.859768,1.71669
768658768.885853,1.754113
768658770.627038,1.710098
768658770.6380529,1.694893
768658772.482774,1.7813219999999998
768658772.4945371,1.803996
768658774.348394,1.806723
768658774.350844,1.796059
768658776.021386,1.5792130000000002
768658776.038456,1.612816
768658777.830474,1.723043
768658777.842216,1.751479
768658779.611261,1.705517
768658779.611487,1.71732
768658781.283892,1.608587
768658781.295594,1.620003
768658783.006063,1.6550639999999999
768658783.0180551,1.6566429999999999
768658784.768788,1.686567
768658784.768968,1.675056
768658786.522171,1.688883
768658786.525454,1.692457
768658788.2853221,1.700084
768658788.3587791,1.769381
768658789.981282,1.5562289999999999
768658789.9939721,1.6488150000000001
768658791.8728169,1.827937
768658791.884705,1.827015
768658793.873763,1.925299
768658793.885069,1.948448
768658795.744003,1.803876
768658795.744033,1.792039
768658797.5875269,1.779193
768658797.5999199,1.79275
768658799.240351,1.586305
768658799.240652,1.57381
768658800.9120641,1.607348
768658800.924433,1.619908
768658802.7567899,1.7657669999999999
768658802.7571361,1.7785870000000001
768658804.504315,1.683035
768658804.5162281,1.695093
768658806.137925,1.5666689999999999
768658806.138005,1.5550119999999998
768658807.9090799,1.707451
768658807.9217241,1.7196749999999998
768658809.870222,1.897986
768658809.870949,1.8853959999999998
768658811.585738,1.6491909999999999
768658811.585984,1.647413
768658813.791505,2.141457
768658813.8035179,2.153566
768658815.621477,1.751209
768658815.6342471,1.776272
768658817.675431,1.990305
768658817.687729,1.989208
768658819.655537,1.914549
768658819.667595,1.91304
768658821.77788,2.046907
768658821.790159,2.070777
768658823.633045,1.777063
768658823.633592,1.7891059999999999
768658825.470475,1.773505
768658825.4828229,1.785769
768658827.351721,1.8149220000000001
768658827.352337,1.801901
768658829.1696,1.753714
768658829.170166,1.754166
768658830.881933,1.645823
768658830.89371,1.656253
768658832.640859,1.683691
768658832.641741,1.696115
768658834.365546,1.6603569999999999
768658834.366192,1.66153
768658836.1814,1.7522149999999999
768658836.190686,1.759994
768658837.943538,1.6856659999999999
768658837.955176,1.707311
768658839.795136,1.775881
768658839.795488,1.788523
768658841.57038,1.718212
768658841.586548,1.7331670000000001
768658843.3229719,1.670172
768658843.3407221,1.71037
768658844.986121,1.588141
768658844.997728,1.617145
768658846.684223,1.619299
768658846.6891221,1.636206
768658848.444883,1.691727
768658848.449342,1.7086029999999999
768658850.169127,1.663882
768658850.180538,1.6638300000000001
768658852.508355,2.2756640000000004
768658852.519601,2.275109
768658854.5580031,1.971276
768658854.569154,1.9939689999999999
768658856.206748,1.57354
768658856.218305,1.596849
768658857.96391,1.678148
768658857.963995,1.6914289999999998
768658859.740247,1.689339
768658859.740939,1.713265
768658861.5133721,1.708468
768658861.5133821,1.7099019999999998
768658863.21297,1.6321370000000002
768658863.2135911,1.63398
768658865.068877,1.792805
768658865.080594,1.802673
768658866.9651179,1.830017
768658866.9653391,1.817192
768658868.7821801,1.752657
768658868.793877,1.764935
768658870.6123719,1.7638829999999999
768658870.612458,1.7506519999999999
768658872.4376781,1.761652
768658872.449376,1.773034
768658874.343928,1.827797
768658874.3464121,1.84226
768658876.245569,1.8421729999999998
768658876.273412,1.866066
768658878.1015451,1.796176
768658878.102051,1.753323
768658879.9130931,1.735719
768658879.913285,1.736949
768658881.743898,1.772313
768658881.756237,1.784147
768658883.523497,1.702677
768658883.534375,1.702437
768658885.306134,1.725228
768658885.317992,1.726683
768658886.883701,1.489074
768658886.888609,1.50394
768658888.725417,1.773205
768658888.725788,1.785119
768658890.713287,1.9215149999999999
768658890.724242,1.930631
768658892.508693,1.731543
768658892.5209819,1.733442
768658894.28704,1.711276
768658894.28713,1.686133
768658896.105109,1.754702
768658896.111504,1.7605050000000002
768658898.001019,1.8217629999999998
768658898.001536,1.805284
768658899.536455,1.471036
768658899.5445291,1.479405
768658901.358484,1.749364
768658901.358594,1.758546
768658903.1818739,1.750472
768658903.187152,1.761978
768658904.9150571,1.66415
768658904.92718,1.69322
768658906.677516,1.6961700000000002
768658906.678278,1.68321
768658908.326099,1.584075
768658908.3357229,1.595244
768658910.057613,1.6769479999999999
768658910.06899,1.67883
768658911.81904,1.685669
768658911.819391,1.676363
768658913.591579,1.7040149999999998
768658913.603091,1.714163
768658915.276744,1.606387
768658915.2770851,1.619507
768658917.087937,1.7479559999999998
768658917.100021,1.759408
768658918.8167039,1.662136
768658918.828521,1.662206
768658920.595431,1.714939
768658920.6077499,1.7151
768658922.265295,1.587577
768658922.277158,1.6064720000000001
768658924.0994071,1.758515
768658924.122134,1.7931810000000001
768658925.915722,1.733352
768658925.916082,1.750106
768658927.602149,1.622198
768658927.602455,1.623677
768658929.3946409,1.7168109999999999
768658929.404989,1.727748
768658931.116248,1.662201
768658931.132782,1.6678680000000001
768658932.923818,1.750541
768658932.939494,1.732335
768658934.680444,1.699503
768658934.681411,1.677787
768658936.3720391,1.6264070000000002
768658936.384052,1.6396780000000002
768658938.0603759,1.6100240000000001
768658938.0605559,1.6217869999999999
768658939.8139491,1.690061
768658939.8268039,1.702209
768658941.770641,1.879918
768658941.782359,1.903768
768658943.580286,1.7312619999999999
768658943.5916071,1.754716
768658945.400561,1.735185
768658945.400771,1.756646
768658947.063874,1.595892
768658947.075835,1.615458
768658948.80251,1.675165
768658948.8187109,1.6852340000000001
768658950.566687,1.684396
768658950.58316,1.7233630000000002
768658952.432582,1.808902
768658952.441936,1.795159
768658954.183919,1.682569
768658954.194492,1.701986
768658955.806706,1.554531
768658955.8181981,1.577096
768658957.4754779,1.605308
768658957.476385,1.582686
768658959.2472739,1.7053369999999999
768658959.258926,1.715435
768658961.0487399,1.737782
768658961.060291,1.7378820000000001
768658962.819158,1.70282
768658962.83098,1.70459
768658964.629489,1.7467030000000001
768658964.629719,1.7165119999999998
768658966.292319,1.599263
768658966.318688,1.625551
768658968.161179,1.778848
768658968.170315,1.8209389999999999
768658969.920662,1.689324
768658969.921103,1.669949
768658971.684758,1.689076
768658971.6848019,1.699945
768658973.494996,1.752731
768658973.521049,1.776067
768658975.231395,1.649741
768658975.243017,1.6723020000000002
768658977.443211,2.147958
768658977.4547681,2.147767
768658979.82794,2.317999
768658979.835234,2.3144020000000003
768658982.239732,2.348168
768658982.239987,2.3475639999999998
768658984.622952,2.320139
768658984.63513,2.320392
768658986.6800131,1.978568
768658986.68088,1.990862
768658988.455103,1.711291
768658988.46675,1.722232
768658990.094375,1.561216
768658990.097848,1.5764259999999999
768658991.873374,1.711355
768658991.8820889,1.7247670000000002
768658993.764758,1.8280219999999998
768658993.765049,1.818636
768658995.6242139,1.7929510000000002
768658995.624244,1.79261
768658997.363119,1.674785
768658997.363339,1.676058
768658999.187518,1.757077
768658999.1999921,1.770162
768659001.020231,1.746105
768659001.032484,1.781464
768659003.004492,1.917386
768659003.016269,1.917275
768659004.805536,1.7172640000000001
768659004.8058369,1.7264279999999999
768659006.649907,1.7804769999999999
768659006.650383,1.780622
768659008.404112,1.690753
768659008.416531,1.691162
768659010.201191,1.717859
768659010.202165,1.731121
768659011.889603,1.611473
768659011.8995781,1.6335600000000001
768659013.7497569,1.786862
768659013.750143,1.803523
768659015.603259,1.7870270000000001
768659015.6042509,1.786411
768659017.475058,1.806287
768659017.4870011,1.8205
768659019.475738,1.9219359999999999
768659019.488132,1.9462030000000001
768659021.268969,1.7297790000000002
768659021.281554,1.729599
768659023.161217,1.829151
768659023.172498,1.826865
768659024.924824,1.688558
768659024.9352989,1.71068
768659026.7379069,1.745891
768659026.749985,1.748492
768659028.622997,1.809488
768659028.627989,1.826374
768659030.343088,1.659804
768659030.3547801,1.6596549999999999
768659032.2722161,1.853562
768659032.283808,1.876957
768659034.1451781,1.794991
768659034.145849,1.807073
768659035.942203,1.7324899999999999
768659035.956927,1.737406
768659037.821084,1.779984
768659037.8334581,1.803826
768659039.590354,1.690021
768659039.59081,1.703577
768659041.41351,1.7592370000000002
768659041.4249971,1.771571
768659043.071712,1.579579
768659043.083279,1.591741
768659044.7370911,1.6016750000000002
768659044.7479061,1.6012540000000002
768659046.519266,1.705407
768659046.5310489,1.7266810000000001
768659048.3173441,1.722607
768659048.330003,1.7471539999999999
768659050.041324,1.644806
768659050.054204,1.67033
768659051.760768,1.656593
768659051.7616899,1.643167
768659053.5926399,1.766694
768659053.592795,1.7680930000000001
768659055.506752,1.846169
768659055.518399,1.859029
768659057.39521,1.825336
768659057.4069381,1.824916
768659059.2102381,1.749248
768659059.214086,1.740383
768659061.1155001,1.837689
768659061.132648,1.865297
768659062.954825,1.7622980000000001
768659062.959705,1.7770780000000002
768659064.859805,1.836112
768659064.8721789,1.860672
768659066.6306291,1.706956
768659066.651563,1.715986
768659068.463272,1.726155
768659068.487609,1.7931119999999998
768659070.309126,1.779425
768659070.309437,1.754756
768659072.119878,1.746538
768659072.136797,1.763562
768659073.894596,1.690843
768659073.8947769,1.707662
768659075.7202331,1.7618040000000001
768659075.721335,1.761868
768659077.7325951,1.949099
768659077.733186,1.947531
768659079.598655,1.800714
768659079.599477,1.799235
768659081.361526,1.698541
768659081.373559,1.710193
768659083.1804119,1.7405840000000001
768659083.180938,1.752812
768659085.203639,1.9588969999999999
768659085.215763,1.971291
768659087.281865,1.9892130000000001
768659087.282125,1.99863
768659089.180652,1.834548
768659089.1923089,1.8474679999999999
768659090.971202,1.7122030000000001
768659090.971538,1.724186
768659092.78445,1.749479
768659092.796062,1.760726
768659094.6608601,1.795477
768659094.700853,1.817758
768659096.409302,1.69149
768659096.424077,1.65951
768659098.2034711,1.7131589999999999
768659098.215664,1.750161
768659099.907534,1.6401549999999998
768659099.919547,1.6402700000000001
768659102.051823,2.080691
768659102.051949,2.068537
768659104.3029209,2.183821
768659104.3224211,2.204043
768659106.608305,2.220101
768659106.619847,2.250962
768659108.9629741,2.2912570000000003
768659108.974611,2.291055
768659111.2914519,2.2612959999999998
768659111.302968,2.262028
768659113.3761821,2.021072
768659113.3881049,2.0215680000000003
768659115.027483,1.584959
768659115.118479,1.66409
768659116.229752,1.171838
768659116.639181,1.457109
768659117.664639,1.369062
768659118.32214,1.616234
768659118.765016,1.070463
768659119.698536,1.313269
768659120.118384,1.323296
768659121.203035,1.440901
768659121.212131,1.061566
768659122.825874,1.5561189999999998
768659122.826481,1.550241
768659124.27318,1.357714
768659124.3499889,1.460276
768659125.807634,1.481675
768659125.894171,1.4779769999999999
768659127.056846,1.2189860000000001
768659127.5812551,1.623637
768659128.4255509,1.295315
768659128.868949,1.2238049999999998
768659129.833009,1.340452
768659130.223809,1.28827
768659131.241907,1.345834
768659131.904808,1.61673
768659132.31515,1.04327
768659133.305737,1.348831
768659133.6138611,1.266751
768659134.686797,1.314547
768659134.922647,1.251497
768659136.076432,1.1233
768659136.127308,1.388389
768659137.476364,1.368718
768659137.5456511,1.363885
768659138.958442,1.337243
768659138.970921,1.464037
768659140.383485,1.349371
768659140.49908,1.4771999999999998
768659141.7019709,1.286996
768659141.762035,1.19733
768659143.310447,1.538234
768659143.405088,1.591172
768659144.5408131,1.200402
768659144.741839,1.284666
768659145.6138619,1.042051
768659146.247471,1.4513989999999999
768659146.632454,0.9887929999999999
768659147.559429,1.260301
768659147.778298,1.11579
768659149.110389,1.3017560000000001
768659149.201056,1.589578
768659150.515113,1.3732550000000001
768659150.614989,1.347308
768659151.997358,1.433698
768659152.079805,1.4012479999999998
768659153.7219801,1.6314019999999998
768659153.811423,1.665218
768659155.145189,1.37501
768659155.202062,1.326961
768659156.763543,1.554831
768659156.775972,1.5106080000000002
768659158.574606,1.732109
768659158.585968,1.7557989999999999
768659160.279507,1.605974
768659160.306911,1.668866
768659161.840738,1.445898
768659161.8526759,1.507226
768659163.4169849,1.5128979999999999
768659163.417395,1.5003790000000001
768659165.034046,1.5523010000000002
768659165.045447,1.5651300000000001
768659166.792261,1.680248
768659166.792596,1.6920609999999998
768659168.4238249,1.5674599999999999
768659168.424041,1.567631
768659170.285356,1.797681
768659170.2867861,1.7995430000000001
768659171.9251449,1.581189
768659171.9369819,1.587778
768659173.7228309,1.734179
768659173.734468,1.7339980000000002
768659175.518334,1.701038
768659175.546983,1.7188450000000002
768659177.337717,1.7336529999999999
768659177.342175,1.7665490000000001
768659179.181345,1.783572
768659179.181601,1.7452679999999998
768659181.1398699,1.9010909999999999
768659181.150234,1.9107779999999999
768659182.821294,1.610984
768659182.8285879,1.628803
768659184.715754,1.806495
768659184.7211859,1.829649
768659186.445967,1.6605269999999999
768659186.446183,1.672818
768659188.220731,1.711231
768659188.233245,1.722763
768659190.0552781,1.755473
768659190.056256,1.7692599999999998
768659191.816941,1.675668
768659191.8172419,1.696702
768659193.763504,1.882925
768659193.767053,1.886132
768659195.66571,1.835339
768659195.66817,1.8340509999999999
768659197.587901,1.855842
768659197.588026,1.859315
768659199.439924,1.785147
768659199.4562571,1.801706
768659201.56365,2.059902
768659201.575809,2.055863
768659203.352447,1.709802
768659203.365592,1.735221
768659205.288962,1.8599020000000002
768659205.30091,1.8849310000000001
768659207.025035,1.6694229999999999
768659207.02509,1.657796
768659208.786473,1.697433
768659208.786608,1.6977039999999999
768659210.465987,1.615842
768659210.504784,1.654829
768659212.247771,1.729714
768659212.296071,1.727644
768659214.059348,1.739628
768659214.1070241,1.744788
768659215.7977359,1.62763
768659215.798308,1.686779
768659217.611069,1.74971
768659217.6115049,1.749163
768659219.4469299,1.76902
768659219.458813,1.7805259999999998
768659221.238652,1.72817
768659221.268267,1.746192
768659222.938166,1.575107
768659222.9390529,1.645845
768659224.722166,1.6964510000000002
768659224.733978,1.732881
768659226.346924,1.5614890000000001
768659226.386457,1.589095
768659228.2182931,1.768337
768659228.223891,1.824569
768659230.237822,1.947093
768659230.269496,1.991516
768659232.2372129,1.947345
768659232.269654,1.9429409999999998
768659234.3434379,2.01418
768659234.355231,2.063493
768659236.1576539,1.750478
768659236.1691611,1.750006
768659237.6800691,1.443767
768659237.701133,1.47704
768659239.266991,1.523216
768659239.285283,1.5202609999999999
768659241.083401,1.764147
768659241.0951979,1.746378
768659242.842773,1.6929429999999999
768659242.862278,1.697889
768659244.6658939,1.759844
768659244.678017,1.7518
768659246.3828051,1.6537419999999998
768659246.441021,1.69947
768659248.101885,1.640271
768659248.1494571,1.6509230000000001
768659249.936217,1.7207
768659249.938869,1.781431
768659251.733605,1.7306089999999998
768659251.766087,1.77317
768659253.599444,1.788777
768659253.622247,1.7994249999999998
768659255.297404,1.610969
768659255.309537,1.634782
768659257.070809,1.709662
768659257.082346,1.709291
768659258.892787,1.7555290000000001
768659258.905126,1.755855
768659260.6920321,1.735873
768659260.7037001,1.7349100000000002
768659262.381392,1.625867
768659262.381537,1.6138789999999998
768659264.177946,1.731989
768659264.1894,1.744015
768659265.9373319,1.687661
768659265.9553,1.711045
768659267.729296,1.739902
768659267.748236,1.728971
768659269.497996,1.6858769999999998
768659269.5099239,1.723235
768659271.1815569,1.617322
768659271.193681,1.61686
768659272.930572,1.6726239999999999
768659272.985975,1.7402229999999999
768659274.6121019,1.5601390000000002
768659274.612308,1.60809
768659276.360965,1.685736
768659276.372216,1.6956289999999998
768659278.2109491,1.772272
768659278.223377,1.795211
768659279.969138,1.6817119999999999
768659279.9730611,1.6980719999999998
768659281.773849,1.725248
768659281.812892,1.755383
768659283.3759719,1.547877
768659283.415079,1.535977
768659285.149222,1.72114
768659285.1738701,1.695157
768659286.96017,1.756785
768659286.960591,1.732175
768659288.891087,1.8676389999999998
768659288.921187,1.8962160000000001
768659290.46615,1.522626
768659290.466887,1.4726299999999999
768659292.105934,1.575053
768659292.135563,1.606201
768659293.827042,1.6664430000000001
768659293.827463,1.6250550000000001
768659295.578261,1.68771
768659295.578797,1.68731
768659297.342404,1.6998289999999998
768659297.354658,1.712794
768659299.061989,1.6533959999999999
768659299.073401,1.6518570000000001
768659300.9686741,1.831445
768659300.970605,1.845189
768659302.7489959,1.700207
768659302.760974,1.729252
768659304.4706401,1.657871
768659304.4822971,1.65747
768659306.0843539,1.54765
768659306.096302,1.546623
768659307.8701279,1.722562
768659307.886932,1.726842
768659309.8250259,1.89769
768659309.825713,1.874786
768659311.6785179,1.7869410000000001
768659311.678638,1.7852379999999999
768659313.370814,1.628824
768659313.370909,1.628062
768659315.386323,1.948353
768659315.3869089,1.949134
768659317.197471,1.746092
768659317.209985,1.759393
768659319.1092931,1.832954
768659319.109384,1.8340889999999999
768659320.9406741,1.7677770000000002
768659320.952386,1.779409
768659322.612517,1.597065
768659322.6129531,1.589467
768659324.263703,1.5880480000000001
768659324.275575,1.598382
768659326.075873,1.733377
768659326.085268,1.755364
768659327.781084,1.637952
768659327.7813901,1.641358
768659329.640465,1.795581
768659329.652315,1.807442
768659331.3879191,1.68112
768659331.388005,1.675629
768659333.17186,1.7204620000000002
768659333.181923,1.730203
768659334.96146,1.729524
768659334.973465,1.7320790000000001
768659336.804415,1.767457
768659336.80459,1.7646350000000002
768659338.6244991,1.756541
768659338.624695,1.7563399999999998
768659340.291662,1.6027630000000002
768659340.302818,1.615027
768659342.1263919,1.768561
768659342.128019,1.759243
768659344.1183791,1.935338
768659344.121251,1.929514
768659345.955127,1.769637
768659345.9661429,1.7784820000000001
768659347.721646,1.6917499999999999
768659347.734088,1.701599
768659349.651962,1.866406
768659349.657535,1.866243
768659351.442481,1.724641
768659351.454444,1.736694
768659353.479501,1.952888
768659353.490832,1.97524
768659355.2517129,1.7056829999999998
768659355.251778,1.694747
768659357.050141,1.735231
768659357.0633991,1.747565
768659358.798533,1.681306
768659358.7988441,1.6596499999999998
768659360.481748,1.619442
768659360.4932251,1.630828
768659362.189801,1.6329179999999999
768659362.2008721,1.6561519999999998
768659363.9044639,1.6287980000000002
768659363.924835,1.671681
768659365.7123951,1.730164
768659365.72316,1.755859
768659367.520782,1.731182
768659367.539481,1.74927
768659369.247789,1.663729
768659369.2590951,1.662371
768659371.022452,1.708114
768659371.024782,1.698593
768659372.837028,1.75559
768659372.846861,1.76055
768659374.584833,1.6747999999999998
768659374.585054,1.684147
768659376.390819,1.741837
768659376.4028621,1.753589
768659378.2337561,1.7645339999999998
768659378.234152,1.776928
768659380.0360589,1.738473
768659380.0403041,1.742758
768659381.969501,1.859661
768659381.969547,1.864462
768659383.762427,1.728892
768659383.7739841,1.7398019999999998
768659385.602001,1.7646199999999999
768659385.602558,1.776442
768659387.486184,1.815969
768659387.48624,1.818329
768659389.380202,1.8308
768659389.391332,1.841135
768659391.057827,1.606811
768659391.069921,1.629719
768659392.8458179,1.712019
768659392.8560649,1.734946
768659394.6391879,1.726137
768659394.651181,1.747856
768659396.628311,1.913986
768659396.639304,1.912911
768659398.4506251,1.762905
768659398.459496,1.7597559999999999
768659400.686488,2.17251
768659400.697659,2.1571540000000002
768659402.620352,1.855596
768659402.6204671,1.867073
768659404.518768,1.834312
768659404.531071,1.847016
768659406.6334081,2.035545
768659406.644503,2.059586
768659408.5685999,1.871744
768659408.581038,1.873067
768659410.456421,1.821302
768659410.457002,1.809534
768659412.321319,1.8005829999999998
768659412.333578,1.814025
768659414.191655,1.804503
768659414.203743,1.803435
768659416.03996,1.784691
768659416.043528,1.7757960000000002
768659417.928829,1.816481
768659417.932156,1.8018260000000001
768659419.721734,1.7259650000000002
768659419.730555,1.738559
768659421.638408,1.84404
768659421.638443,1.8536920000000001
768659423.415898,1.710198
768659423.4164239,1.710955
768659425.232619,1.752773
768659425.244902,1.764975
768659427.0724089,1.761218
768659427.084602,1.785393
768659428.946329,1.797842
768659428.946579,1.811324
768659430.899352,1.8896659999999998
768659430.910744,1.9007830000000001
768659432.755927,1.781539
768659432.767709,1.804483
768659434.7201959,1.885807
768659434.7323451,1.910359
768659436.645681,1.861866
768659436.657709,1.861956
768659438.491419,1.767396
768659438.5035269,1.79066
768659440.229372,1.674444
768659440.240292,1.672831
768659441.9686121,1.672976
768659441.979407,1.671823
768659443.698516,1.65519
768659443.72807,1.696241
768659445.517352,1.7552729999999999
768659445.529104,1.7372859999999999
768659447.252919,1.657566
768659447.263544,1.679542
768659449.1139129,1.786531
768659449.113923,1.797501
768659450.86664,1.673245
768659450.867151,1.653956
768659452.7414919,1.810341
768659452.741685,1.8107469999999999
768659454.521121,1.7194099999999999
768659454.532603,1.731087
768659456.201991,1.617186
768659456.202121,1.60601
768659457.9913781,1.7226469999999998
768659457.991533,1.722386
768659459.683885,1.6290790000000002
768659459.684109,1.6262379999999999
768659461.5188329,1.7774640000000002
768659461.5192889,1.7785959999999998
768659463.476142,1.891074
768659463.488435,1.9010719999999999
768659465.213127,1.6612790000000002
768659465.213563,1.6743750000000002
768659466.942098,1.661359
768659466.967743,1.688573
768659468.755141,1.74958
768659468.755321,1.723779
768659470.528461,1.705748
768659470.528566,1.70655
768659472.296644,1.704058
768659472.3081211,1.716046
768659473.992568,1.630277
768659473.9930301,1.618173
768659475.691079,1.6227539999999998
768659475.703383,1.646806
768659478.1893419,2.421955
768659478.200699,2.445626
768659480.526826,2.259412
768659480.538082,2.28223
768659483.004938,2.4002149999999998
768659483.017402,2.411721
768659485.389456,2.308086
768659485.401409,2.321613
768659487.508306,2.0517030000000003
768659487.519928,2.0521089999999997
768659489.333679,1.740704
768659489.33745,1.7652860000000001
768659491.126026,1.732818
768659491.126196,1.721399
768659492.8754699,1.6851049999999999
768659492.887293,1.6970830000000001
768659494.7885209,1.847061
768659494.7889421,1.834657
768659496.500583,1.648244
768659496.512601,1.6601219999999999
768659498.220364,1.6407909999999999
768659498.232006,1.665273
768659500.072788,1.776503
768659500.0751989,1.7913530000000002
768659501.96941,1.829947
768659501.9811879,1.8382509999999999
768659503.7668611,1.72179
768659503.767127,1.734339
768659505.5590049,1.7290770000000002
768659505.559506,1.728611
768659507.515517,1.8902070000000002
768659507.5158219,1.888944
768659509.4680591,1.888248
768659509.480212,1.901558
768659511.311392,1.776728
768659511.323545,1.7755850000000002
768659513.184048,1.796439
768659513.185071,1.81007
768659514.911702,1.661239
768659514.923519,1.668746
768659516.765459,1.789929
768659516.777748,1.790551
768659518.7335631,1.889405
768659518.745636,1.913647
768659520.622477,1.813103
768659520.6346949,1.83779
768659522.510233,1.808908
768659522.510875,1.821717
768659524.327631,1.7538099999999999
768659524.3323569,1.754501
768659526.3508481,1.9505569999999999
768659526.363282,1.9687200000000002
768659528.206314,1.792014
768659528.216242,1.789232
768659530.009203,1.735818
768659530.020845,1.738213
768659531.96981,1.8970479999999998
768659531.9702209,1.8861329999999998
768659533.9765639,1.893024
768659533.976761,1.8897140000000001
768659535.943254,1.905873
768659535.943965,1.907742
768659537.985264,1.939681
768659537.985697,1.936385
768659539.883906,1.838935
768659539.884142,1.837453
768659541.780924,1.8327479999999998
768659541.781281,1.834157
768659543.459072,1.617194
768659543.468645,1.627648
768659545.271583,1.7387489999999999
768659545.271904,1.755321
768659547.128172,1.788836
768659547.128583,1.7904799999999998
768659548.963943,1.771641
768659548.975224,1.7827819999999999
768659550.7531899,1.722396
768659550.75331,1.711651
768659552.55661,1.7400479999999998
768659552.568888,1.7519
768659554.410998,1.775635
768659554.4224551,1.798789
768659556.264405,1.778272
768659556.276062,1.801491
768659558.14087,1.798123
768659558.152662,1.821803
768659559.999524,1.795361
768659560.036911,1.8203200000000002
768659561.863204,1.7567920000000001
768659561.874395,1.786416
768659563.6242801,1.686172
768659563.635993,1.709437
768659565.413157,1.698777
768659565.4240221,1.724602
768659567.303685,1.813233
768659567.304016,1.82437
768659569.135807,1.7452800000000002
768659569.147956,1.780296
768659570.9554449,1.740459
768659570.967258,1.764489
768659572.7290059,1.697809
768659572.741505,1.7224409999999999
768659574.487711,1.6797069999999998
768659574.4880819,1.692436
768659576.520766,1.9695519999999997
768659576.531957,1.979625
768659578.421633,1.834372
768659578.4333911,1.834973
768659580.229428,1.732269
768659580.241256,1.75622
768659582.0990529,1.7912810000000001
768659582.111086,1.814771
768659584.038981,1.8764750000000001
768659584.0540409,1.879021
768659585.906214,1.784481
768659585.9068459,1.8006739999999999
768659587.67117,1.698691
768659587.6831881,1.713355
768659589.4643459,1.7298490000000002
768659589.490417,1.743671
768659591.208438,1.677537
768659591.219859,1.662622
768659592.959551,1.676039
768659592.960062,1.6879309999999998
768659594.7929981,1.766123
768659594.793567,1.767245
768659596.512681,1.661804
768659596.512972,1.6630690000000001
768659598.2634931,1.6832150000000001
768659598.275105,1.702568
768659599.9842061,1.6336879999999998
768659599.9948709,1.6540030000000001
768659602.595025,2.510704
768659602.602558,2.5012369999999997
768659604.98559,2.3255429999999997
768659605.0032309,2.3481769999999997
768659607.3092281,2.2396540000000003
768659607.318673,2.266794
768659609.67885,2.312105
768659609.6790501,2.2965839999999997
768659611.315351,1.569626
768659611.327123,1.581182
768659613.084957,1.705813
768659613.084997,1.693649
768659614.7239339,1.571364
768659614.7245259,1.573525
768659616.38152,1.5935920000000001
768659616.393312,1.605183
768659618.124669,1.673688
768659618.12507,1.665203
768659619.697237,1.509461
768659619.697472,1.508333
768659621.298686,1.53721
768659621.31088,1.5501
768659623.105159,1.726927
768659623.1057,1.7405890000000002
768659624.890491,1.722181
768659624.902565,1.73283
768659626.97235,1.991529
768659626.972485,2.003187
768659628.782858,1.734218
768659628.793098,1.745024
768659630.502546,1.649286
768659630.5140679,1.671096
768659632.205011,1.624961
768659632.205021,1.614169
768659634.084895,1.813033
768659634.0851511,1.813278
768659635.883554,1.735237
768659635.8837551,1.734721
768659637.8933151,1.946443
768659637.894192,1.946353
768659639.6187329,1.658883
768659639.630436,1.669307
768659641.476435,1.794214
768659641.476816,1.7829320000000002
768659643.492595,1.949435
768659643.4931971,1.949064
768659645.344147,1.78823
768659645.344393,1.787513
768659647.117287,1.70652
768659647.117723,1.705748
768659649.350829,2.170184
768659649.351866,2.1698690000000003
768659651.063723,1.621897
768659651.075726,1.657535
768659652.9320691,1.804628
768659652.932365,1.79303
768659654.9183451,1.922042
768659654.9188111,1.922949
768659656.759773,1.778301
768659656.771706,1.788826
768659658.58754,1.760832
768659658.5879209,1.7497280000000002
768659660.462924,1.817922
768659660.4630079,1.817449
768659662.1946111,1.6707530000000002
768659662.207265,1.684245
768659663.8324,1.5744019999999999
768659663.832871,1.561567
768659665.540593,1.643503
768659665.541165,1.6450609999999999
768659667.4221311,1.813579
768659667.432772,1.825829
768659669.329337,1.849812
768659669.3410591,1.850702
768659671.340712,1.94454
768659671.340817,1.933103
768659673.1897379,1.784481
768659673.201235,1.797136
768659675.050583,1.7975210000000001
768659675.0508779,1.7859900000000002
768659676.9846569,1.86968
768659676.996189,1.882099
768659678.82152,1.758616
768659678.867011,1.815819
768659680.656749,1.7713850000000002
768659680.71519,1.784275
768659682.430921,1.707376
768659682.499335,1.717801
768659684.291319,1.727494
768659684.303242,1.784566
768659686.1267179,1.768885
768659686.139573,1.7692910000000002
768659687.889804,1.699643
768659687.8902199,1.686838
768659689.683522,1.7294980000000002
768659689.6838729,1.729593
768659691.4870119,1.735342
768659691.487869,1.737341
768659693.3728789,1.8213769999999998
768659693.384907,1.8334549999999998
768659695.137604,1.6855660000000001
768659695.1378751,1.698701
768659696.912774,1.6987160000000001
768659696.912959,1.700593
768659698.632603,1.662617
768659698.659646,1.690043
768659700.5491871,1.85917
768659700.570131,1.8336400000000002
768659702.332777,1.696153
768659702.35405,1.7450759999999998
768659704.2047659,1.7873469999999998
768659704.206054,1.815854
768659705.9143369,1.6426159999999999
768659705.9632261,1.689971
768659707.817665,1.790785
768659707.829868,1.8521690000000002
768659709.751253,1.870051
768659709.751609,1.857782
768659711.65428,1.835164
768659711.666077,1.848249
768659713.539941,1.8218729999999999
768659713.551453,1.8214270000000001
768659715.230664,1.624403
768659715.2431281,1.624754
768659716.8890859,1.594554
768659716.9012101,1.594468
768659718.6223431,1.666922
768659718.6338099,1.66565
768659720.251582,1.5656459999999999
768659720.2632799,1.565746
768659722.048213,1.717746
768659722.058565,1.740949
768659723.769309,1.65327
768659723.7802579,1.674652
768659725.622872,1.7966309999999999
768659725.635095,1.7976800000000002
768659728.276417,2.573689
768659728.287923,2.598241
768659730.567012,2.2121779999999998
768659730.567338,2.2241549999999997
768659732.739036,2.1082
768659732.772168,2.140615
768659734.498459,1.659782
768659734.515012,1.7095470000000001
768659736.265609,1.6863169999999998
768659736.277531,1.7220110000000002
768659738.207847,1.8633199999999999
768659738.2080829,1.876294
768659739.9677161,1.695273
768659739.979398,1.707021
768659741.7090161,1.65299
768659741.709096,1.64242
768659743.530232,1.753093
768659743.530673,1.7371400000000001
768659745.344302,1.749845
768659745.355859,1.761618
768659747.133935,1.723023
768659747.146595,1.723128
768659748.8428,1.644746
768659748.854658,1.6442290000000002
768659750.5811031,1.659495
768659750.591713,1.682318
768659752.356192,1.707374
768659752.3681949,1.723338
768659754.164498,1.741949
768659754.164714,1.7294100000000001
768659755.924493,1.702156
768659755.932426,1.708974
768659757.687318,1.6910429999999999
768659757.689388,1.7075829999999999
768659759.5888569,1.8323070000000001
768659759.60219,1.8485179999999999
768659761.309476,1.649195
768659761.336131,1.683481
768659763.1179061,1.7157710000000002
768659763.127003,1.758028
768659764.809817,1.60572
768659764.81629,1.632082
768659766.653566,1.7805570000000002
768659766.665825,1.791714
768659768.468012,1.738203
768659768.479589,1.7624749999999998
768659770.373911,1.80964
768659770.373956,1.839474
768659772.165042,1.727513
768659772.175016,1.7371349999999999
768659774.345455,2.103765
768659774.346753,2.114605
768659776.0793281,1.6681000000000001
768659776.082621,1.6739039999999998
768659777.981173,1.830763
768659777.9905521,1.844409
768659779.868242,1.823887
768659779.88011,1.832149
768659781.752416,1.820344
768659781.760597,1.817245
768659783.484925,1.665649
768659783.4969331,1.676234
768659785.429239,1.880835
768659785.43062,1.870075
768659787.159934,1.663259
768659787.171987,1.6817609999999998
768659788.920204,1.696657
768659788.932557,1.685327
768659790.696957,1.713079
768659790.709496,1.712794
768659792.540144,1.76676
768659792.5521519,1.791913
768659794.392393,1.774027
768659794.393651,1.7866259999999998
768659796.245534,1.789768
768659796.245769,1.788054
768659798.040795,1.727889
768659798.052532,1.716663
768659799.893049,1.7885550000000001
768659799.905382,1.7891219999999999
768659801.783065,1.826559
768659801.7952089,1.826253
768659803.744408,1.8943269999999999
768659803.744789,1.882229
768659805.703902,1.896136
768659805.719478,1.910735
768659807.559177,1.789573
768659807.56251,1.776387
768659809.3795019,1.752792
768659809.390553,1.767922
768659811.428654,1.971421
768659811.428669,1.9828480000000002
768659813.306357,1.8142
768659813.3181651,1.8258320000000001
768659815.078344,1.7053719999999999
768659815.078459,1.693394
768659816.885833,1.743956
768659816.897771,1.7550020000000002
768659818.6450961,1.6836259999999998
768659818.656783,1.707241
768659820.413384,1.6929779999999999
768659820.458775,1.750121
768659822.332107,1.806938
768659822.344461,1.864272
768659824.155534,1.760029
768659824.164445,1.75607
768659826.165776,1.9434369999999999
768659826.177539,1.946413
768659828.045705,1.815985
768659828.0609,1.8194979999999998
768659830.040009,1.9263810000000001
768659830.040485,1.9117570000000002
768659831.9435331,1.8392330000000001
768659831.9555659,1.8514869999999999
768659833.8317449,1.795001
768659833.844114,1.7991599999999999
768659835.7435931,1.8323070000000001
768659835.755039,1.856614
768659837.634777,1.815869
768659837.634832,1.8276670000000002
768659839.379911,1.677311
768659839.3803769,1.6782279999999998
768659841.2023361,1.75862
768659841.2135869,1.769582
768659842.951679,1.682322
768659842.9525421,1.672375
768659844.75519,1.7386700000000002
768659844.7670829,1.758138
768659846.4540211,1.612738
768659846.470505,1.651972
768659848.2469009,1.735795
768659848.279611,1.745168
768659850.068257,1.761545
768659850.069066,1.729784
768659852.402302,2.275822
768659852.4070201,2.282161
768659854.707986,2.245904
768659854.708106,2.223309
768659856.767647,2.001124
768659856.779507,2.013602
768659858.573034,1.7459280000000001
768659858.589313,1.749895
768659860.225314,1.594898
768659860.2376369,1.573863
768659862.0538731,1.761908
768659862.054384,1.749395
768659863.814834,1.6963709999999999
768659863.8264959,1.7086700000000001
768659865.638817,1.748728
768659865.650605,1.772257
768659867.380403,1.662833
768659867.392331,1.686443
768659869.284372,1.840606
768659869.284793,1.828804
768659871.018481,1.6654339999999999
768659871.0303689,1.679361
768659872.8262659,1.732224
768659872.827038,1.744558
768659874.666106,1.776974
768659874.666417,1.775344
768659876.45628,1.726461
768659876.468619,1.738003
768659878.1859831,1.6340720000000002
768659878.186099,1.662818
768659879.924041,1.641502
768659879.924577,1.663101
768659881.6782969,1.6893150000000001
768659881.678562,1.690978
768659883.4718441,1.7257939999999998
768659883.472305,1.727415
768659885.3052089,1.776624
768659885.317317,1.786697
768659887.125102,1.753334
768659887.1252669,1.7408890000000001
768659888.973131,1.78412
768659888.9735969,1.7842310000000001
768659890.7347081,1.697533
768659890.74612,1.709522
768659892.5301601,1.720156
768659892.542078,1.743681
768659894.3041021,1.6955449999999999
768659894.304167,1.707713
768659896.155133,1.7877990000000001
768659896.157915,1.789162
768659897.9771559,1.7524710000000001
768659897.9893849,1.767376
768659899.737456,1.696957
768659899.738017,1.684498
768659901.513106,1.710298
768659901.513527,1.712553
768659903.300905,1.7197950000000002
768659903.30112,1.720647
768659905.125584,1.7600440000000002
768659905.137492,1.772739
768659907.0298841,1.8381809999999998
768659907.041421,1.836893
768659908.84633,1.752808
768659908.846415,1.741446
768659910.733475,1.823377
768659910.745373,1.835214
768659912.446302,1.637329
768659912.4509801,1.6538119999999998
768659914.165097,1.6231259999999998
768659914.165097,1.6585759999999998
768659915.9096,1.6810900000000002
768659915.920921,1.692091
768659917.7986809,1.8039370000000001
768659917.7990581,1.815067
768659919.4715049,1.611966
768659919.4717261,1.612171
768659921.3094549,1.774157
768659921.320621,1.785192
768659923.047532,1.65096
768659923.0483141,1.661147
768659924.8317951,1.725747
768659924.843417,1.737963
768659926.5608569,1.666086
768659926.560947,1.6538270000000002
768659928.461534,1.837225
768659928.472775,1.847664
768659930.303789,1.7752539999999999
768659930.316203,1.776683
768659932.179763,1.8001429999999998
768659932.207503,1.8402850000000002
768659933.910714,1.635634
768659933.911602,1.671828
768659935.808564,1.832923
768659935.809106,1.835459
768659937.729739,1.8569689999999999
768659937.7297989,1.856955
768659939.5117439,1.715646
768659939.5237321,1.7262359999999999
768659941.250694,1.675687
768659941.26187,1.674284
768659943.105007,1.787668
768659943.1164539,1.787709
768659944.882467,1.7133459999999998
768659944.895061,1.715049
768659946.624384,1.6623860000000001
768659946.6251451,1.675853
768659948.3211551,1.632697
768659948.321666,1.6328930000000001
768659950.103241,1.714498
768659950.104193,1.7161520000000001
768659951.942164,1.775151
768659951.9425809,1.7574400000000001
768659953.7681711,1.768987
768659953.7803841,1.779395
768659955.561187,1.726536
768659955.57337,1.725068
768659957.351671,1.699989
768659957.362388,1.73794
768659959.081347,1.669003
768659959.1093249,1.686847
768659960.858619,1.720465
768659960.86971,1.696572
768659962.596476,1.663469
768659962.5971581,1.67456
768659964.426393,1.764885
768659964.43792,1.778202
768659966.188131,1.683416
768659966.188372,1.695518
768659968.026658,1.774076
768659968.036862,1.7847760000000001
768659969.855567,1.7584600000000001
768659969.856108,1.750431
768659971.645892,1.725082
768659971.6571981,1.7192290000000001
768659973.353378,1.643918
768659973.3649601,1.643874
768659975.2522639,1.832433
768659975.260844,1.829809
768659977.780749,2.471194
768659977.806701,2.488071
768659980.074336,2.218144
768659980.0939521,2.226782
768659982.3363559,2.204663
768659982.340027,2.187983
768659983.959138,1.5551169999999999
768659983.9715971,1.5781269999999998
768659985.6571231,1.602672
768659985.657303,1.592028
768659987.408862,1.684318
768659987.409313,1.6851340000000001
768659989.2138411,1.741501
768659989.22617,1.7525119999999998
768659990.903391,1.623085
768659990.9038819,1.610756
768659992.6645731,1.6960499999999998
768659992.664974,1.6980899999999999
768659994.374802,1.62295
768659994.375809,1.6480839999999999
768659996.2724739,1.8329010000000001
768659996.282032,1.84425
768659998.036325,1.6995770000000001
768659998.038224,1.711261
768659999.883564,1.781513
768659999.9160349,1.816989
768660001.669892,1.702215
768660001.670333,1.734329
768660003.309129,1.564468
768660003.309646,1.563362
768660005.033185,1.659544
768660005.044235,1.6716280000000001
768660006.667781,1.55866
768660006.678386,1.560342
768660008.536253,1.793888
768660008.548912,1.8173169999999998
768660010.30168,1.7019890000000002
768660010.311001,1.698501
768660012.039407,1.673898
768660012.051926,1.677261
768660013.69402,1.572172
768660013.7049199,1.598051
768660015.470517,1.712769
768660015.481398,1.7121879999999998
768660017.139785,1.59491
768660017.152585,1.6185699999999998
768660018.9316981,1.726045
768660018.9330009,1.7134150000000001
768660020.613605,1.605834
768660020.624325,1.617966
768660022.2751961,1.5765580000000001
768660022.286274,1.597447
768660024.282565,1.9495149999999999
768660024.282926,1.9389319999999999
768660025.994121,1.643578
768660025.995329,1.6227749999999999
768660027.820199,1.763122
768660027.82063,1.760761
768660029.599464,1.715709
768660029.676727,1.7928
768660031.271196,1.6170579999999999
768660031.281956,1.538979
768660033.009178,1.6748349999999999
768660033.020149,1.674415
768660034.8701451,1.794129
768660034.887207,1.800122
768660036.764128,1.8414620000000002
768660036.7752889,1.824599
768660038.556237,1.717345
768660038.569202,1.741446
768660040.24933,1.6036110000000001
768660040.260707,1.640937
768660041.924968,1.597896
768660041.938123,1.622128
768660043.699445,1.710594
768660043.7116541,1.7099330000000001
768660045.484046,1.7211329999999998
768660045.4970821,1.721805
768660047.421308,1.870812
768660047.434835,1.870942
768660049.253906,1.769175
768660049.2664859,1.767712
768660051.060063,1.739442
768660051.073013,1.739692
768660052.7589849,1.622289
768660052.7741649,1.6506699999999999
768660054.57525,1.7375319999999999
768660054.588662,1.772424
768660056.238419,1.599335
768660056.241111,1.588565
768660058.041062,1.736153
768660058.0417141,1.739903
768660059.772625,1.667148
768660059.793348,1.6880009999999999
768660061.741167,1.88403
768660061.7448779,1.908865
768660063.572249,1.76051
768660063.585715,1.783542
768660065.350375,1.7011070000000001
768660065.362348,1.726561
768660067.172384,1.7549270000000001
768660067.182993,1.75394
768660068.9556971,1.708689
768660068.9681209,1.732314
768660070.895199,1.8758780000000002
768660070.908184,1.8758290000000002
768660072.727175,1.7556990000000001
768660072.738351,1.779599
768660074.6146361,1.8207659999999999
768660074.62501,1.819723
768660076.329369,1.651341
768660076.3403101,1.6515220000000002
768660078.23814,1.842191
768660078.2491,1.8422550000000002
768660080.069259,1.756771
768660080.073494,1.772117
768660082.058031,1.921305
768660082.0597249,1.9182279999999998
768660083.872973,1.751865
768660083.885803,1.762184
768660085.57873,1.641829
768660085.579422,1.630041
768660087.314428,1.667088
768660087.325108,1.679972
768660089.105294,1.716026
768660089.117537,1.739827
768660090.828101,1.643658
768660090.839177,1.6677689999999998
768660092.639399,1.736159
768660092.6517329,1.76045
768660094.447816,1.741972
768660094.456887,1.721227
768660096.261824,1.749551
768660096.274097,1.7537340000000001
768660097.906977,1.585571
768660097.907929,1.573881
768660099.769003,1.797306
768660099.779543,1.8095299999999999
768660101.544584,1.690979
768660101.5453811,1.701619
768660103.4676269,1.8612920000000002
768660103.4677119,1.863303
768660105.310559,1.7553180000000002
768660105.3115009,1.780256
768660107.082085,1.705397
768660107.095286,1.7166379999999999
768660108.880233,1.7329970000000001
768660108.892577,1.7332560000000001
768660110.605226,1.6584919999999999
768660110.6059121,1.6464800000000002
768660112.321403,1.6532
768660112.333807,1.6642409999999999
768660114.137898,1.750627
768660114.1497561,1.7486279999999998
768660115.979763,1.7660449999999999
768660115.979895,1.776745
768660117.819663,1.757107
768660117.8311499,1.772979
768660119.712688,1.825934
768660119.7152519,1.817389
768660121.454388,1.681366
768660121.467438,1.697813
768660123.358864,1.838316
768660123.359766,1.825597
768660125.111428,1.693951
768660125.137786,1.721816
768660126.792831,1.579402
768660126.7936931,1.6222050000000001
768660128.516199,1.660197
768660128.5164499,1.658924
768660130.336047,1.7557740000000002
768660130.3373051,1.756896
768660132.168721,1.769441
768660132.174339,1.7730190000000001
768660133.951112,1.7159119999999999
768660133.952445,1.710148
768660135.688222,1.673853
768660135.688784,1.672244
768660137.568426,1.816095
768660137.581071,1.829069
768660139.418344,1.783965
768660139.430573,1.759478
768660141.29924,1.804894
768660141.3103011,1.8285129999999998
768660143.068837,1.692016
768660143.069679,1.703613
768660144.921078,1.788017
768660144.924413,1.791913
768660146.6507939,1.6627230000000002
768660146.6507989,1.672808
768660148.489509,1.7639120000000001
768660148.5136579,1.798589
768660150.73448,2.154718
768660150.735052,2.185752
768660152.792092,1.993036
768660152.803755,2.0058659999999997
768660154.675975,1.817709
768660154.676195,1.805806
768660156.65533,1.9058510000000002
768660156.655766,1.910554
768660158.530101,1.789528
768660158.542665,1.821613
768660160.312106,1.719009
768660160.312497,1.692514
768660162.1187991,1.7393619999999999
768660162.1238,1.744969
768660163.935204,1.7474299999999998
768660163.9466909,1.770691
768660165.7258041,1.727138
768660165.7262651,1.681576
768660167.8209231,2.019899
768660167.820938,2.018596
768660169.5521159,1.656039
768660169.556671,1.672621
768660171.41767,1.805246
768660171.417941,1.794334
768660173.320451,1.838772
768660173.3325541,1.8273199999999998
768660175.118609,1.731292
768660175.1193861,1.720367
768660176.979548,1.797466
768660176.979563,1.796078
768660178.8053399,1.762224
768660178.805541,1.762003
768660180.791355,1.922512
768660180.791375,1.922196
768660182.689646,1.831275
768660182.690363,1.832423
768660184.482196,1.729037
768660184.484476,1.7301739999999999
768660186.422796,1.870606
768660186.4234021,1.875192
768660188.213035,1.7269320000000001
768660188.214373,1.7270619999999999
768660190.049988,1.769276
768660190.060813,1.7796100000000001
768660192.026732,1.912053
768660192.03478,1.910289
768660193.932681,1.829571
768660193.933974,1.836817
768660195.641756,1.6460590000000002
768660195.655292,1.6573250000000002
768660197.537255,1.831836
768660197.5380169,1.818851
768660199.290624,1.687125
768660199.296266,1.690561
768660201.061027,1.707256
768660201.074468,1.7205670000000002
768660202.76015,1.6325479999999999
768660202.7616279,1.6087250000000002
768660204.571579,1.745716
768660204.582579,1.7592969999999999
768660206.520173,1.882056
768660206.524382,1.875633
768660208.1911781,1.602537
768660208.201182,1.62422
768660210.062266,1.804723
768660210.075487,1.80739
768660211.828329,1.702876
768660211.8292611,1.689941
768660213.677711,1.786075
768660213.686371,1.79268
768660215.629918,1.884835
768660215.638843,1.885706
768660217.60401,1.910825
768660217.6041911,1.901278
768660219.3341349,1.662276
768660219.3462579,1.675287
768660221.178435,1.748305
768660221.19156,1.78185
768660222.9918929,1.733412
768660222.992518,1.748063
768660224.759339,1.703126
768660224.781612,1.7318170000000002
768660226.546597,1.720182
768660226.557837,1.71663
768660228.6023589,1.986747
768660228.6032361,1.9930059999999998
768660230.382415,1.711391
768660230.403064,1.7344350000000002
768660232.128842,1.668484
768660232.144023,1.697454
768660233.811251,1.616118
768660233.823925,1.612932
768660235.524701,1.650203
768660235.5260739,1.637769
768660237.273274,1.68543
768660237.273554,1.683476
768660239.007738,1.666456
768660239.010864,1.670855
768660240.811684,1.743002
768660240.838132,1.7668650000000001
768660242.592337,1.688403
768660242.5937121,1.722112
768660244.235211,1.586487
768660244.265786,1.614419
768660246.068839,1.773632
768660246.0694749,1.743461
768660247.781171,1.6480430000000001
768660247.782419,1.64904
768660249.590906,1.744448
768660249.602291,1.757704
768660251.481544,1.8192
768660251.482161,1.823763
768660253.241744,1.67224
768660253.253461,1.708209
768660255.260129,1.9402840000000001
768660255.2726691,1.9641340000000003
768660257.0998291,1.7633569999999998
768660257.111827,1.7881049999999998
768660258.929214,1.750853
768660258.929505,1.763247
768660260.79519,1.801932
768660260.806381,1.813333
768660262.6689041,1.79898
768660262.6691539,1.80971
768660264.535952,1.802709
768660264.548551,1.815854
768660266.238161,1.6361100000000002
768660266.251147,1.635138
768660268.07951,1.777395
768660268.0924051,1.777039
768660269.898827,1.752686
768660269.910459,1.7506430000000002
768660271.715638,1.7528730000000001
768660271.7161441,1.741927
768660273.509781,1.730751
768660273.5223659,1.741741
768660275.767685,2.191003
768660275.7683611,2.1786689999999997
768660277.632882,1.801606
768660277.648733,1.816338
768660279.402047,1.69327
768660279.428702,1.736041
768660281.129568,1.670665
768660281.176873,1.67437
768660282.8973601,1.701207
768660282.897591,1.654609
768660284.7592659,1.789115
768660284.772136,1.802859
768660286.586342,1.7608560000000002
768660286.586783,1.747139
768660288.269131,1.6189500000000001
768660288.280327,1.6297849999999998
768660289.964223,1.6276350000000002
768660289.976081,1.628698
768660291.735679,1.708369
768660291.746875,1.70656
768660293.380454,1.5814780000000002
768660293.392252,1.581614
768660295.070771,1.623561
768660295.082168,1.62328
768660296.83059,1.695949
768660296.841525,1.69586
768660298.5830361,1.674866
768660298.59542,1.698215
768660300.348858,1.702365
768660300.35379,1.694216
768660301.970094,1.561188
768660301.986161,1.564999
768660303.777686,1.7278930000000001
768660303.786827,1.759568
768660305.519886,1.68516
768660305.5310969,1.686054
768660307.280131,1.682138
768660307.291748,1.682913
768660309.074841,1.731111
768660309.085816,1.730896
768660310.857262,1.704856
768660310.858249,1.716733
768660312.714964,1.79447
768660312.727142,1.804623
768660314.5388321,1.76037
768660314.5399051,1.748753
768660316.327964,1.723845
768660316.338539,1.736088
768660318.040041,1.635173
768660318.040868,1.6464290000000001
768660319.8601199,1.75604
768660319.872133,1.7669000000000001
768660321.6413239,1.718026
768660321.653762,1.71769
768660323.426039,1.718524
768660323.426155,1.7055429999999998
768660325.1706531,1.686235
768660325.181699,1.697122
768660326.91281,1.664571
768660326.925144,1.687701
768660328.590979,1.6146859999999998
768660328.5916901,1.602597
768660330.337652,1.683165
768660330.338012,1.682218
768660332.086479,1.652211
768660332.09087,1.678124
768660333.858281,1.698937
768660333.871197,1.717906
768660335.666462,1.7443980000000001
768660335.6768861,1.7479259999999999
768660337.394331,1.640461
768660337.395519,1.665404
768660339.284137,1.8210410000000001
768660339.287355,1.826359
768660340.972524,1.627751
768660340.985229,1.637273
768660342.818724,1.766454
768660342.825286,1.786737
768660344.746654,1.864442
768660344.758396,1.8761100000000002
768660346.604654,1.790904
768660346.608475,1.783604
768660348.3738611,1.712123
768660348.384792,1.711842
768660350.1690869,1.717715
768660350.1892719,1.7486249999999999
768660352.282529,2.035933
768660352.2940559,2.061215
768660354.585926,2.236662
768660354.589542,2.2289559999999997
768660356.95665,2.3034700000000004
768660356.956966,2.3136989999999997
768660359.2423079,2.218788
768660359.242779,2.225658
768660361.344178,2.0281409999999997
768660361.355279,2.0438
768660363.081314,1.670471
768660363.092565,1.671022
768660364.8631741,1.707145
768660364.86391,1.7185169999999999
768660366.6153901,1.689234
768660366.615906,1.64646
768660368.351969,1.671062
768660368.363566,1.6850100000000001
768660370.0440849,1.614134
768660370.0447509,1.625977
768660371.799648,1.6910180000000001
768660371.811842,1.703352
768660373.6335161,1.770945
768660373.6343219,1.7589380000000001
768660375.340111,1.630678
768660375.341141,1.646438
768660377.121477,1.7246309999999998
768660377.121758,1.722982
768660378.76903,1.569131
768660378.76932,1.568783
768660380.515076,1.66997
768660380.517197,1.6724439999999998
768660382.272024,1.700204
768660382.284197,1.7095509999999998
768660384.13597,1.8001429999999998
768660384.145748,1.797507
768660385.9581239,1.754431
768660385.9587849,1.745816
768660387.801497,1.780146
768660387.80281,1.779484
768660389.6581459,1.7936180000000002
768660389.67057,1.8033050000000002
768660391.4678961,1.743435
768660391.479844,1.742237
768660393.326579,1.79486
768660393.327441,1.7836690000000002
768660395.067364,1.674544
768660395.068466,1.673332
768660396.952469,1.8202699999999998
768660396.952925,1.822395
768660399.164696,2.147838
768660399.178759,2.1626420000000004
768660400.914015,1.670681
768660400.925742,1.6975580000000001
768660402.7986541,1.8065579999999999
768660402.8115541,1.8312300000000001
768660404.744972,1.882946
768660404.757205,1.8820480000000002
768660406.542002,1.7309109999999999
768660406.5429541,1.718522
768660408.361053,1.754526
768660408.371523,1.7661440000000002
768660410.1668789,1.739231
768660410.1715001,1.72329
768660411.8893961,1.6589289999999999
768660411.901188,1.67233
768660413.6580999,1.705026
768660413.661235,1.68585
768660415.445384,1.723339
768660415.472465,1.7475850000000002
768660417.36352,1.826864
768660417.388195,1.885433
768660419.204753,1.774608
768660419.231468,1.78349
768660421.074096,1.784866
768660421.0853469,1.816786
768660422.876965,1.727854
768660422.888291,1.750712
768660424.612627,1.67227
768660424.623903,1.671798
768660426.4790441,1.787814
768660426.491864,1.8120560000000001
768660428.216385,1.660292
768660428.21859,1.676019
768660430.0454199,1.759688
768660430.04548,1.7625099999999998
768660431.840425,1.731022
768660431.851576,1.741892
768660433.773412,1.8580230000000002
768660433.773632,1.869288
768660435.730024,1.889229
768660435.7307,1.8897709999999999
768660437.665376,1.8721759999999998
768660437.665887,1.8708069999999999
768660439.5845859,1.8521589999999999
768660439.584977,1.852956
768660441.408525,1.759493
768660441.4198561,1.771286
768660443.449312,1.9736760000000002
768660443.4603679,1.973997
768660445.41062,1.886649
768660445.411713,1.898732
768660447.255973,1.758726
768660447.2569101,1.7812590000000001
768660449.017616,1.69611
768660449.028731,1.709692
768660450.8702149,1.786045
768660450.881963,1.7868009999999999
768660452.663597,1.717495
768660452.6638019,1.7300639999999998
768660454.5048599,1.77769
768660454.505707,1.777976
768660456.194425,1.624784
768660456.196414,1.628112
768660457.9851,1.724817
768660457.996111,1.732164
768660459.8552411,1.79518
768660459.8684059,1.819207
768660461.670749,1.7517150000000001
768660461.6831019,1.751163
768660463.6100501,1.872762
768660463.611228,1.861175
768660465.370991,1.695549
768660465.382493,1.7088750000000001
768660467.2479119,1.7988089999999999
768660467.2481481,1.810612
768660468.983917,1.662943
768660469.010427,1.689252
768660470.835651,1.748961
768660470.836545,1.792176
768660472.531047,1.638576
768660472.5318689,1.637662
768660474.301715,1.714306
768660474.302322,1.712777
768660476.1603091,1.793051
768660476.169034,1.803966
768660478.627329,2.3814349999999997
768660478.6279861,2.388664
768660480.751516,2.0603230000000003
768660480.763865,2.072131
768660482.653932,1.8356810000000001
768660482.654594,1.799592
768660484.333319,1.614225
768660484.346309,1.62946
768660486.111851,1.699052
768660486.113039,1.7125039999999998
768660487.892107,1.714859
768660487.8927491,1.717525
768660489.7635759,1.807038
768660489.776746,1.821186
768660491.465118,1.621075
768660491.47659,1.6468909999999999
768660493.479535,1.9392509999999998
768660493.491593,1.9624209999999997
768660495.343481,1.797933
768660495.343882,1.775358
768660497.094761,1.6758170000000001
768660497.110807,1.704023
768660498.923744,1.747109
768660498.9347321,1.7803879999999999
768660500.794325,1.8068279999999999
768660500.806451,1.814611
768660502.710468,1.8527850000000001
768660502.725,1.8608500000000001
768660504.605376,1.8315460000000001
768660504.618181,1.835588
768660506.353662,1.682132
768660506.354114,1.65821
768660508.335984,1.917832
768660508.335984,1.919275
768660510.132834,1.7304499999999998
768660510.143699,1.7407290000000002
768660512.034262,1.8377249999999998
768660512.037019,1.829646
768660513.783782,1.6776280000000001
768660513.784328,1.6809150000000002
768660515.518803,1.671388
768660515.519254,1.6702450000000002
768660517.378881,1.79487
768660517.390107,1.808171
768660519.197727,1.741395
768660519.2103909,1.76488
768660521.085668,1.811333
768660521.097015,1.835871
768660522.942728,1.778958
768660522.944097,1.791166
768660524.786578,1.780767
768660524.7870541,1.778807
768660526.6918501,1.840802
768660526.6920899,1.8416940000000002
768660528.525996,1.7701170000000002
768660528.537779,1.781904
768660530.293072,1.6884720000000002
768660530.305831,1.713245
768660531.962645,1.606056
768660531.963422,1.5936620000000001
768660533.791153,1.7422570000000002
768660533.803181,1.749003
768660535.639052,1.781659
768660535.640215,1.7699479999999999
768660537.354909,1.650503
768660537.361574,1.659144
768660539.14425,1.70485
768660539.154833,1.7383279999999999
768660541.029026,1.817453
768660541.0392859,1.837947
768660542.811817,1.712603
768660542.8237549,1.734312
768660544.6267251,1.751366
768660544.639404,1.752251
768660546.282894,1.5993570000000001
768660546.283427,1.5867209999999998
768660548.0935041,1.7533699999999999
768660548.117244,1.776327
768660549.672876,1.519709
768660549.685054,1.507402
768660551.429176,1.692762
768660551.440753,1.69188
768660553.158433,1.665845
768660553.170251,1.663986
768660554.837063,1.612376
768660554.83771,1.600096
768660556.513433,1.613408
768660556.513999,1.6122
768660558.181758,1.604452
768660558.1824701,1.604592
768660559.9638541,1.718693
768660559.964661,1.717861
768660561.683178,1.6055139999999999
768660561.684126,1.6321759999999998
768660563.47026,1.720467
768660563.4709721,1.718828
768660565.261028,1.716891
768660565.271228,1.725992
768660567.23595,1.91483
768660567.2363861,1.905391
768660569.084092,1.7828410000000001
768660569.094063,1.795229
768660570.787449,1.643394
768660570.8036491,1.650095
768660572.608147,1.740985
768660572.60884,1.7642859999999998
768660574.384343,1.7197250000000002
768660574.38499,1.7028349999999999
768660576.1105441,1.660903
768660576.113821,1.666351
768660577.887527,1.6879810000000002
768660577.8882539,1.711181
768660579.594999,1.642445
768660579.606931,1.656042
768660581.306715,1.6476220000000001
768660581.318107,1.647492
768660583.046497,1.662086
768660583.047439,1.6734829999999998
768660584.763245,1.651486
768660584.7744861,1.664857
768660586.555768,1.7289569999999999
768660586.555968,1.7177939999999998
768660588.268669,1.655501
768660588.280451,1.666761
768660590.19549,1.848525
768660590.195859,1.860422
768660591.851565,1.598284
768660591.878558,1.6258100000000002
768660593.682482,1.773538
768660593.694806,1.738159
768660595.396514,1.634422
768660595.396554,1.6475870000000001
768660597.163339,1.7022000000000002
768660597.1747301,1.714513
768660598.8468851,1.605609
768660598.847476,1.617006
768660600.6863141,1.774708
768660600.6869999,1.775455
768660603.182086,2.4319189999999997
768660603.1828281,2.431558
768660605.6456939,2.400365
768660605.657802,2.4106650000000003
768660607.669181,1.9569679999999998
768660607.669757,1.944584
768660609.477282,1.744879
768660609.478435,1.743987
768660611.24773,1.704675
768660611.258706,1.717651
768660612.908273,1.596297
768660612.9197941,1.5974400000000002
768660614.677824,1.691354
768660614.678265,1.7032919999999998
768660616.4397969,1.693679
768660616.461553,1.720472
768660618.148629,1.6193410000000001
768660618.1490381,1.642372
768660619.982564,1.775961
768660619.994401,1.7881170000000002
768660621.913071,1.820352
768660621.915962,1.835046
768660623.691822,1.7163169999999999
768660623.700382,1.72987
768660625.4292259,1.664967
768660625.445426,1.690126
768660627.154231,1.6287829999999999
768660627.18211,1.693237
768660628.803829,1.564425
768660628.81365,1.6022740000000002
768660630.562509,1.6884890000000001
768660630.575213,1.710917
768660632.252018,1.612931
768660632.26339,1.637314
768660634.0825571,1.7633359999999998
768660634.0826571,1.7524870000000001
768660635.7179301,1.571465
768660635.729136,1.582345
768660637.508706,1.715746
768660637.5088911,1.727348
768660639.204901,1.629139
768660639.206029,1.630498
768660640.976602,1.7063840000000001
768660640.988184,1.7201110000000002
768660642.6768371,1.622283
768660642.678205,1.634732
768660644.474174,1.7319099999999998
768660644.483516,1.743269
768660646.218074,1.674173
768660646.218596,1.683573
768660647.903013,1.6201130000000001
768660647.9147409,1.6329280000000002
768660649.48603,1.505139
768660649.493477,1.502717
768660651.208326,1.647417
768660651.208707,1.655796
768660653.06492,1.793297
768660653.0653859,1.792014
768660654.7552869,1.62301
768660654.7669799,1.634116
768660656.47394,1.654909
768660656.4850711,1.654403
768660658.250934,1.710439
768660658.2510641,1.6995879999999999
768660659.9261199,1.610766
768660659.926692,1.6115030000000001
768660661.657608,1.668325
768660661.6586701,1.667413
768660663.45995,1.733151
768660663.471387,1.747195
768660665.4860741,1.962195
768660665.4973451,1.9624400000000002
768660667.29444,1.730084
768660667.295097,1.742258
768660669.312981,1.953559
768660669.324859,1.96642
768660671.0988059,1.707471
768660671.0993321,1.7195850000000001
768660672.8698549,1.684197
768660672.870291,1.706364
768660674.710612,1.776898
768660674.721698,1.787849
768660676.605836,1.8310799999999998
768660676.617343,1.831756
768660678.3499631,1.665975
768660678.351065,1.678529
768660680.086778,1.673157
768660680.103166,1.687916
768660681.873298,1.719504
768660681.873925,1.703558
768660683.70084,1.763005
768660683.712627,1.774643
768660685.486268,1.709576
768660685.499649,1.734946
768660687.391781,1.8389680000000002
768660687.392332,1.8252760000000001
768660689.0760031,1.607453
768660689.087735,1.618838
768660690.9027121,1.748489
768660690.903169,1.73705
768660692.736955,1.775626
768660692.747855,1.7882900000000002
768660694.5858411,1.774418
768660694.586337,1.78598
768660696.360917,1.70075
768660696.371213,1.711146
768660698.0891219,1.6577840000000001
768660698.0896751,1.6684219999999998
768660699.7551049,1.6090309999999999
768660699.755476,1.607944
768660701.564013,1.744944
768660701.575495,1.75605
768660703.24368,1.601154
768660703.244136,1.6128259999999999
768660705.0602809,1.7517850000000001
768660705.071422,1.764243
768660706.824249,1.6862979999999999
768660706.825341,1.674084
768660708.570325,1.682724
768660708.582373,1.693283
768660710.483597,1.849414
768660710.5127349,1.866172
768660712.293081,1.722676
768660712.300192,1.759348
768660714.056258,1.702583
768660714.083335,1.716132
768660715.903358,1.756581
768660715.903769,1.789901
768660717.891055,1.924601
768660717.8919849,1.9240430000000002
768660719.6933701,1.742956
768660719.705949,1.7533519999999998
768660721.47957,1.709211
768660721.4799559,1.722933
768660723.361619,1.804555
768660723.3628459,1.807024
768660725.268178,1.849485
768660725.269106,1.848544
768660728.114317,2.777765
768660728.114868,2.780691
768660730.478433,2.299565
768660730.479405,2.300683
768660732.913694,2.3716280000000003
768660732.914235,2.37039
768660734.985093,2.0032
768660734.986166,2.002835
768660736.7318009,1.6814410000000002
768660736.7430019,1.694311
768660738.525238,1.71517
768660738.526646,1.727333
768660740.225443,1.636902
768660740.23736,1.6464990000000002
768660742.087625,1.7959619999999998
768660742.087885,1.783539
768660743.8970281,1.745114
768660743.90837,1.756296
768660745.711915,1.751534
768660745.72266,1.750422
768660747.310543,1.531948
768660747.321734,1.532038
768660749.05684,1.682874
768660749.068598,1.682909
768660750.972699,1.837683
768660750.975401,1.852153
768660752.6511611,1.621709
768660752.66339,1.630222
768660754.63786,1.907004
768660754.6479629,1.930662
768660756.397156,1.701827
768660756.4433789,1.737807
768660758.337004,1.827361
768660758.337751,1.8735430000000002
768660760.2448839,1.842603
768660760.278677,1.878132
768660762.020494,1.715734
768660762.021624,1.6833760000000002
768660763.696932,1.617974
768660763.697729,1.62016
768660765.4363481,1.674806
768660765.447915,1.6863519999999999
768660767.167469,1.6526290000000001
768660767.167971,1.664616
768660768.9048561,1.673482
768660768.916488,1.684839
768660770.60476,1.621872
768660770.605316,1.6338
768660772.3474879,1.678088
768660772.359667,1.690517
768660774.3155171,1.902024
768660774.317596,1.890713
768660776.1039519,1.724877
768660776.12026,1.737833
768660777.8792809,1.6910779999999999
768660777.891244,1.7022599999999999
768660779.724925,1.770017
768660779.737218,1.7765719999999998
768660781.588365,1.800047
768660781.588765,1.787914
768660783.495105,1.8394590000000002
768660783.496102,1.840316
768660785.1395,1.5794540000000001
768660785.186033,1.627661
768660786.960722,1.708149
768660786.961173,1.754873
768660788.769324,1.733177
768660788.777579,1.7288270000000001
768660790.475994,1.6317300000000001
768660790.488984,1.664947
768660792.154513,1.614766
768660792.156413,1.603043
768660793.947539,1.726852
768660793.9625751,1.739223
768660795.642223,1.6271090000000001
768660795.659351,1.648249
768660797.3651279,1.642159
768660797.3788401,1.68446
768660799.1051509,1.673432
768660799.117915,1.672214
768660800.861125,1.6802080000000001
768660800.871665,1.70243
768660802.5763501,1.637965
768660802.577057,1.6491850000000001
768660804.330109,1.688577
768660804.3421171,1.701889
768660806.128653,1.731563
768660806.139067,1.7305549999999998
768660807.963045,1.7599639999999999
768660807.9651561,1.77282
768660809.77194,1.728257
768660809.777591,1.725514
768660811.557697,1.7135259999999999
768660811.5584589,1.7267439999999998
768660813.327784,1.693368
768660813.3383139,1.7176909999999999
768660815.039241,1.634593
768660815.056049,1.6456030000000001
768660816.843081,1.7236090000000002
768660816.8506299,1.754116
768660818.5986351,1.6922510000000002
768660818.599086,1.691042
768660820.3389629,1.675908
768660820.351557,1.654943
768660822.0319049,1.626408
768660822.0325071,1.613884
768660823.812502,1.717279
768660823.813309,1.7161170000000001
768660825.551828,1.674219
768660825.5546551,1.678791
768660827.3009471,1.679011
768660827.309728,1.690824
768660829.08389,1.710434
768660829.0967851,1.732621
768660830.841498,1.677652
768660830.843094,1.692119
768660832.555566,1.6553069999999999
768660832.582127,1.6748310000000002
768660834.296555,1.648168
768660834.3091689,1.693735
768660836.118312,1.7583449999999998
768660836.1234591,1.750744
768660837.738315,1.553938
768660837.7496121,1.564679
768660839.482628,1.6806539999999999
768660839.4944149,1.680699
768660841.1871071,1.641162
768660841.1994059,1.6409420000000001
768660843.0299289,1.7637180000000001
768660843.030801,1.777154
768660844.804968,1.709887
768660844.816435,1.723168
768660846.5598849,1.680269
768660846.561248,1.692086
768660848.38708,1.7612070000000002
768660848.398256,1.7754800000000002
768660850.169491,1.704249
768660850.170058,1.716097
768660852.272078,2.039139
768660852.284427,2.049854
768660854.585351,2.2469479999999997
768660854.597614,2.246006
768660856.3608409,1.699327
768660856.371215,1.722657
768660858.0616,1.6249689999999999
768660858.07795,1.640937
768660859.793019,1.651411
768660859.793886,1.674706
768660861.5367149,1.679958
768660861.537342,1.679386
768660863.325907,1.7220060000000001
768660863.32694,1.7227430000000001
768660865.192836,1.801767
768660865.204052,1.815128
768660866.9408821,1.67031
768660866.941418,1.682052
768660868.725628,1.721254
768660868.726064,1.720477
768660870.5226741,1.7332210000000001
768660870.523551,1.733502
768660872.273927,1.687771
768660872.2741331,1.686247
768660874.009098,1.667544
768660874.010025,1.669032
768660875.655578,1.5692499999999998
768660875.6567811,1.570211
768660877.4500511,1.731614
768660877.4504881,1.729389
768660879.147282,1.635732
768660879.1758541,1.6665969999999999
768660880.8260471,1.592984
768660880.831201,1.626718
768660882.6277031,1.728991
768660882.66346,1.777481
768660884.3960639,1.7109779999999999
768660884.406914,1.685803
768660886.231393,1.768845
768660886.242293,1.768654
768660887.891394,1.5856329999999998
768660887.892537,1.596753
768660889.7024319,1.7476200000000002
768660889.703103,1.746242
768660891.528294,1.758155
768660891.5287399,1.758751
768660893.293004,1.700225
768660893.3322301,1.740097
768660895.086716,1.688207
768660895.0874381,1.727503
768660896.867398,1.715936
768660896.87868,1.72864
768660898.5553191,1.623626
768660898.566265,1.6000269999999999
768660900.873473,2.2432950000000003
768660900.8859271,2.26694
768660902.733866,1.780527
768660902.7450019,1.804739
768660904.801297,2.003711
768660904.813084,2.0044939999999998
768660906.6647961,1.784661
768660906.665643,1.7975059999999998
768660908.4746311,1.746952
768660908.484811,1.7553860000000001
768660910.283143,1.7544279999999999
768660910.28398,1.7442090000000001
768660912.0928279,1.746518
768660912.121124,1.773167
768660913.816141,1.651831
768660913.816783,1.639754
768660915.448478,1.560166
768660915.4595441,1.571385
768660917.3370711,1.825323
768660917.3596289,1.836287
768660919.1270449,1.700997
768660919.127656,1.735599
768660920.943656,1.752696
768660920.944468,1.752497
768660922.753551,1.745997
768660922.7542781,1.745224
768660924.4625959,1.645517
768660924.486803,1.6685560000000002
768660926.2259879,1.697293
768660926.227136,1.6736469999999999
768660927.90785,1.618139
768660927.908657,1.617618
768660929.63203,1.659399
768660929.632792,1.661991
768660931.4113489,1.711511
768660931.412111,1.690332
768660933.259759,1.7831380000000001
768660933.2711511,1.796413
768660935.082439,1.744233
768660935.0828401,1.7561250000000002
768660936.7871101,1.6406770000000002
768660936.7873199,1.63997
768660938.480218,1.628668
768660938.480659,1.629976
768660940.2597029,1.714574
768660940.270448,1.726797
768660942.1088221,1.77202
768660942.109596,1.783004
768660943.89756,1.731857
768660943.898252,1.731563
768660945.655164,1.693885
768660945.655249,1.6925219999999999
768660947.469491,1.746037
768660947.4707221,1.748297
768660949.182052,1.652941
768660949.193629,1.666857
768660951.010821,1.7396
768660951.0239071,1.763903
768660952.819206,1.745166
768660952.819386,1.731584
768660954.615712,1.7389320000000001
768660954.6189339,1.741665
768660956.286518,1.607589
768660956.357789,1.674665
768660958.106006,1.6820570000000001
768660958.107023,1.760425
768660959.908072,1.738413
768660959.908704,1.7370560000000002
768660961.704586,1.732394
768660961.715878,1.743941
768660963.459303,1.676414
768660963.471962,1.70034
768660965.173215,1.637649
768660965.1845111,1.661781
768660966.982238,1.7217
768660966.9945661,1.743799
768660968.8167549,1.77082
768660968.828426,1.770469
768660970.519218,1.645667
768660970.524643,1.63849
768660972.398092,1.821777
768660972.398813,1.810764
768660974.1755699,1.716472
768660974.175721,1.718301
768660975.890625,1.619769
768660975.891607,1.652729
768660978.627824,2.673872
768660978.62794,2.672253
768660980.782618,2.088348
768660980.793157,2.098192
768660982.6007869,1.741195
768660982.601373,1.751755
768660984.4596759,1.776618
768660984.471133,1.8064019999999998
768660986.188518,1.6507640000000001
768660986.189871,1.663203
768660987.85364,1.602006
768660987.854177,1.6006079999999998
768660989.6977301,1.780387
768660989.6988881,1.780778
768660991.550821,1.786381
768660991.551237,1.784797
768660993.4342921,1.818665
768660993.445909,1.83147
768660995.378396,1.865886
768660995.378771,1.877087
768660997.2018679,1.759022
768660997.214046,1.771216
768660999.028772,1.7607
768660999.0296489,1.748387
768661000.912434,1.8182289999999999
768661000.923911,1.8316759999999999
768661002.803388,1.827155
768661002.8146089,1.82692
768661004.612797,1.7463069999999998
768661004.624038,1.745635
768661006.3293201,1.63826
768661006.329505,1.649622
768661008.194689,1.800784
768661008.204246,1.8110579999999998
768661010.056896,1.795778
768661010.057076,1.785638
768661011.85132,1.705903
768661011.8527781,1.731828
768661013.8261341,1.9113820000000001
768661013.826665,1.909532
768661015.686136,1.793958
768661015.6868529,1.792549
768661017.5407151,1.7903699999999998
768661017.542113,1.792008
768661019.357707,1.750497
768661019.3583931,1.748908
768661021.248656,1.826113
768661021.260594,1.839213
768661023.094104,1.7670260000000002
768661023.106879,1.791057
768661024.985114,1.8270300000000002
768661024.985414,1.814862
768661026.9014369,1.8523299999999998
768661026.9023241,1.853262
768661028.868358,1.891544
768661028.879644,1.904703
768661030.666325,1.7310260000000002
768661030.669107,1.7230130000000001
768661032.48027,1.750522
768661032.511598,1.7788680000000001
768661036.351431,3.804189
768661036.3951,3.8171860000000004
768661039.628138,3.210032
768661039.628278,3.173162
768661043.703433,4.018222
768661043.7089081,4.023421
768661047.480636,3.7116
768661047.485681,3.726932
768661050.959878,3.4170659999999997
768661050.9743379,3.4314940000000003
768661053.8829349,2.856853
768661053.958616,2.924573
768661056.844748,2.900901
768661056.8570919,2.831489
768661060.0415831,3.116789
768661060.079852,3.144689
768661063.168646,3.021477
768661063.1755819,3.07423
768661065.830891,2.59113
768661066.3315971,3.1059289999999997
768661068.107363,2.2108190000000003
768661069.275512,2.876186
768661070.5323,2.364813
768661071.968075,2.6438260000000002
768661073.071665,2.4852149999999997
768661075.021956,2.990351
768661075.7431661,2.625396
768661077.8225889,2.0258580000000004
768661077.8243079,2.745604
768661080.2696279,2.390492
768661080.2818561,2.4006600000000002
768661083.1101329,2.77186
768661083.1210381,2.79521
768661085.454162,2.2794489999999996
768661085.454347,2.290931
768661087.969936,2.457769
768661088.37729,2.864471
768661089.998771,1.9531539999999998
768661090.5488269,2.1148450000000003
768661092.1476051,2.092573
768661092.660589,2.058176
768661094.2891129,2.101668
768661094.81367,2.111749
768661096.649597,2.286839
768661097.05258,2.18535
768661098.667917,1.9741860000000002
768661099.165831,2.05682
768661100.789994,2.0622499999999997
768661101.335544,2.1163990000000004
768661103.859538,3.013082
768661104.259122,2.867861
768661105.9620091,2.048957
768661106.497001,2.194981
768661108.135637,2.118449
768661109.136121,2.5984789999999998
768661110.29699,2.118566
768661111.425509,2.233221
768661112.675825,2.325972
768661113.6342219,2.167807
768661115.337794,2.605939
768661115.987009,2.296265
768661117.5948709,2.2012270000000003
768661118.042839,1.999392
768661119.598462,1.945767
768661120.238842,2.1351899999999997
768661121.633988,1.9821909999999998
768661122.403099,2.121601
768661123.798352,2.1088679999999997
768661124.456261,1.9995170000000002
768661125.803619,1.9681809999999997
768661126.66479,2.1525030000000003
768661128.14023,2.297862
768661128.663049,1.944809
768661130.480358,1.761431
768661130.5557669,2.373455
768661132.27904,1.762571
768661132.941468,2.332232
768661134.3184049,2.0012440000000002
768661135.47571,2.4785179999999998
768661136.158164,1.786703
768661137.676611,2.147686
768661138.081518,1.884128
768661139.701782,1.969592
768661140.108955,1.989458
768661141.585183,1.823881
768661142.168332,2.002438
768661144.030786,1.809132
768661144.048152,2.421829
768661145.941714,1.8716819999999998
768661145.9711169,1.8801530000000002
768661148.165118,2.187274
768661148.177102,2.1660109999999997
768661150.930102,2.7104690000000002
768661150.930954,2.726421
768661153.5670581,2.581768
768661153.577453,2.594397
768661155.90932,2.2757620000000003
768661156.397119,2.773119
768661158.0700451,2.123399
768661158.740046,2.2872320000000004
768661160.211379,2.1020079999999997
768661161.246559,2.453118
768661162.388924,2.122853
768661163.721563,2.418734
768661164.709053,2.2666660000000003
768661166.5374811,2.762539
768661166.972099,2.220663
768661169.328156,2.734183
768661169.338134,2.31234
768661172.167117,2.7731079999999997
768661172.168265,2.783522
768661174.4079211,2.18747
768661174.77238,2.550329
768661176.387957,1.926657
768661177.0987481,2.2729880000000002
768661178.451092,2.007226
768661179.4843941,2.32956
768661181.070057,2.578215
768661181.7968,2.2587710000000003
768661183.401764,2.275093
768661184.021939,2.1820910000000002
768661185.700135,2.257983
768661186.135474,2.067354
768661187.857609,2.101439
768661188.320956,2.128011
768661189.982428,2.071048
768661190.460195,2.094316
768661192.023972,1.982714
768661192.541137,2.0179389999999997
768661194.2511389,2.1688359999999998
768661194.6193069,2.038023
768661196.3153219,2.0108080000000004
768661196.7905331,2.116517
768661198.551405,2.180403
768661199.115103,2.281273
768661201.1255499,2.512293
768661201.6034291,2.4314839999999998
768661203.521986,1.875208
768661203.5330119,2.351336
768661205.7273719,2.12764
768661205.779245,2.193432
768661207.9171369,2.1252079999999998
768661207.922079,2.1030860000000002
768661210.104445,2.129384
768661210.109081,2.139655
768661212.2036899,2.059317
768661212.230141,2.07831
768661214.092967,1.832581
768661214.110991,1.837496
768661216.034175,1.9046429999999999
768661216.037748,1.8870099999999999
768661217.955627,1.881378
768661217.969606,1.896838
768661219.991608,2.001324
768661220.01842,2.012295
768661222.236416,2.171106
768661222.249476,2.1749959999999997
768661224.2939119,2.0007319999999997
768661224.302978,2.0001379999999997
768661226.797418,2.448151
768661226.835577,2.457954
768661229.162281,2.3123
768661229.1842971,2.295802
768661231.417865,2.1871519999999998
768661231.439296,2.1989959999999997
768661233.712268,2.2326989999999998
768661233.7130849,2.24986
768661235.84736,2.076296
768661235.861017,2.092263
768661238.068248,2.168846
768661238.10561,2.191824
768661240.806785,2.644955
768661240.848608,2.724781
768661243.491964,2.6294589999999998
768661243.49239,2.5767260000000003
768661246.9168199,3.371657
768661246.917497,3.3411370000000002
768661249.452363,2.479519
768661249.458805,2.473674
768661251.6962811,2.2011510000000003
768661251.7131,2.195223
768661254.1707331,2.421303
768661254.175661,2.408118
768661257.514176,3.2816780000000003
768661257.523056,3.305666
768661260.124199,2.544997
768661260.16739,2.596041
768661262.7394711,2.559343
768661262.7659891,2.528372
768661265.5160601,2.732759
768661265.5734149,2.764482
768661268.1236,2.561771
768661268.1440481,2.513033
768661271.539034,3.359223
768661271.5736951,3.372956
768661275.1208761,3.5284169999999997
768661275.1237429,3.495882
768661278.6129689,3.4198399999999998
768661278.644938,3.457287
768661281.3487879,2.6767090000000002
768661281.398036,2.694241
768661283.871596,2.479237
768661283.883358,2.435015
768661286.3699039,2.443847
768661286.3707011,2.431422
768661288.679152,2.25193
768661288.700452,2.272768
768661291.027834,2.271404
768661291.028662,2.292915
768661293.155703,2.086263
768661293.191206,2.122881
768661295.413316,2.2025539999999997
768661295.42389,2.176594
768661297.938121,2.4622889999999997
768661297.938702,2.4736409999999998
768661300.4401541,2.445883
768661300.458019,2.462335
768661302.9789159,2.496716
768661302.9794221,2.465052
768661305.796044,2.7626370000000002
768661305.845708,2.8137280000000002
768661308.227981,2.38855
768661308.259895,2.3589290000000003
768661310.535986,2.219299
768661310.559165,2.2749639999999998
768661313.320725,2.7074909999999996
768661313.345994,2.7341409999999997
768661315.620066,2.25663
768661315.674114,2.2853589999999997
768661317.974584,2.260063
768661317.990749,2.309577
768661320.121785,2.104764
768661320.137121,2.099745
768661322.452624,2.258885
768661322.462116,2.297707
768661324.798763,2.2851939999999997
768661324.81051,2.29062
768661327.056686,2.18993
768661327.057558,2.202354
768661329.418682,2.307244
768661329.4280641,2.317959
768661331.719876,2.224131
768661331.7293091,2.239657
768661333.955704,2.188598
768661333.955739,2.195172
768661336.280479,2.265486
768661336.292858,2.277991
768661339.000469,2.651465
768661339.010407,2.674067
768661341.149995,2.095676
768661341.6353331,2.571404
768661343.144074,1.9376120000000001
768661343.810044,2.1324009999999998
768661345.1718861,1.974138
768661346.187374,2.337442
768661347.3199539,2.091556
768661348.488796,2.258729
768661349.6325799,2.247631
768661351.0193241,2.4621690000000003
768661352.8098041,3.134331
768661355.2828391,4.209969
768661355.7485679,2.882092
768661358.7548001,3.415369
768661358.7795371,2.9769229999999998
768661361.9377631,3.115671
768661361.94967,3.089209
768661364.616241,2.611869
768661364.644292,2.626386
768661367.331248,2.6604319999999997
768661367.37338,2.675583
768661369.67807,2.300719
768661370.282928,2.850954
768661372.085271,2.349919
768661372.9008011,2.558278
768661374.224525,2.082795
768661375.359787,2.401228
768661376.686071,2.420484
768661377.964559,2.537873
768661379.39483,2.652768
768661380.414524,2.393038
768661382.0899119,2.641289
768661382.716182,2.2457599999999998
768661384.670326,2.53777
768661384.9907709,2.236916
768661386.7368289,2.016305
768661387.289952,2.256122
768661388.676201,1.883727
768661389.698586,2.354651
768661390.760088,2.042031
768661391.9013519,2.1602029999999997
768661393.0004661,2.175575
768661394.065371,2.1229970000000002
768661395.186367,2.1271
768661396.294593,2.1722740000000003
768661398.235729,2.995997
768661398.554887,2.2040279999999997
768661401.222319,2.60175
768661401.236728,2.944994
768661404.39753,3.104626
768661404.445431,3.1662399999999997
768661406.5997039,2.163221
768661406.92547,2.423363
768661408.8457899,2.192857
768661408.847098,1.886128
768661410.907471,2.00328
768661411.003118,2.100847
768661412.945657,1.985808
768661413.0542251,2.013373
768661414.870703,1.885468
768661414.876361,1.7831469999999998
768661416.9249179,2.0199100000000003
768661416.966001,2.053165
768661418.942443,1.980693
768661418.97953,1.974528
768661420.947232,1.930478
768661420.957459,1.974421
768661423.2504721,2.25186
768661424.203525,3.215208
768661425.773638,2.4825950000000003
768661426.928084,2.6837
768661428.053663,2.2266310000000002
768661429.13629,2.167814
768661430.1704191,2.060139
768661432.032218,2.839899
768661432.7023251,2.490838
768661435.000612,2.231692
768661435.030597,2.954996
768661437.525142,2.466509
768661437.5579381,2.473932
768661439.8046011,2.211882
768661440.407109,2.786726
768661441.751305,1.905654
768661443.303121,2.828598
768661443.739314,1.945535
768661445.600289,1.820895
768661445.65677,2.307013
768661447.5669091,1.910815
768661448.134426,2.40386
768661449.999721,2.380056
768661450.725668,2.5332879999999998
768661451.950472,1.907234
768661453.4485569,2.682244
768661454.005078,2.016421
768661455.861531,1.799321
768661455.916186,2.411915
768661457.746711,1.827974
768661458.326507,2.370127
768661459.586882,1.801662
768661461.221124,2.838781
768661462.148578,2.525046
768661464.063809,1.858721
768661464.097752,2.830973
768661465.941722,1.837823
768661466.522675,2.37841
768661467.922571,1.9283810000000001
768661469.2263271,2.650908
768661469.949606,1.97505
768661472.033876,2.027437
768661472.081416,2.774978
768661474.028022,1.937034
768661474.988139,2.850528
768661476.226526,2.16377
768661478.311582,3.279804
768661479.479923,3.18951
768661481.517849,3.149987
768661481.8988861,2.364973
768661484.130514,2.174805
768661484.1643519,2.571174
768661486.25879,2.071735
768661486.787572,2.5651390000000003
768661488.422776,2.1102790000000002
768661489.228897,2.387531
768661490.548491,2.078884
768661491.9875239,2.702662
768661492.9273009,2.325035
768661494.918217,2.871314
768661495.6482121,2.65319
768661497.799893,2.097821
768661497.8335171,2.8597
768661500.7725971,2.88321
768661500.773885,2.917319
768661503.194708,2.341779
768661503.229058,2.4005810000000003
768661505.427873,2.1793020000000003
768661505.918546,2.6365160000000003
768661507.349015,1.881588
768661508.943812,2.969262
768661509.645281,2.258052
768661511.329461,2.324578
768661511.951139,2.249415
768661513.613157,2.239709
768661514.123962,2.1320089999999996
768661516.189533,2.0225310000000003
768661516.228212,2.554202
768661518.160797,1.912276
768661518.876064,2.5972299999999997
768661520.0792329,1.879097
768661521.593904,2.6622719999999997
768661522.219842,2.102179
768661524.214517,1.940469
768661524.230765,2.593738
768661526.577721,2.306907
768661527.176931,2.889244
768661528.981835,2.3498669999999997
768661530.064005,2.833173
768661531.559708,2.520886
768661533.025672,2.905652
768661534.156683,2.5434569999999996
768661535.930297,2.848409
768661536.34595,2.151853
768661538.177197,1.7937319999999999
768661538.9064679,2.922522
768661540.365741,2.154181
768661541.872186,2.909301
768661542.504388,2.101076
768661544.957165,2.39911
768661544.9855369,3.05692
768661547.0139359,2.013951
768661547.5056859,2.4534190000000002
768661549.41997,2.343019
768661549.946536,2.384724
768661551.562281,2.0858410000000003
768661552.157582,2.15369
768661553.743133,2.1399399999999997
768661554.2539631,2.056445
768661555.75245,1.952617
768661556.686332,2.378336
768661557.814523,2.021226
768661559.1834279,2.4573910000000003
768661560.200301,2.342676
768661561.701527,2.46466
768661562.930918,2.6734
768661564.284333,2.526417
768661565.633886,2.6621449999999998
768661566.73772,2.410738
768661568.2246001,2.547723
768661569.045735,2.251346
768661570.612235,2.343768
768661571.763661,2.674536
768661573.4534639,2.787528
768661574.207277,2.390387
768661575.8052241,2.3088879999999996
768661576.480981,2.210642
768661577.76149,1.8942379999999999
768661579.0958921,2.5728169999999997
768661580.098852,2.2806279999999997
768661581.642843,2.49373
768661582.1178,1.9720940000000002
768661583.950919,2.2655760000000003
768661584.317258,2.1386589999999996
768661586.24031,2.201087
768661586.595597,2.22195
768661588.241479,1.958986
768661588.8554131,2.215481
768661590.90739,2.6073899999999997
768661591.375171,2.450283
768661593.671278,2.251549
768661593.688661,2.741368
768661595.842249,2.1136079999999997
768661596.194396,2.4554590000000003
768661597.745497,1.84958
768661598.3154659,2.071041
768661599.780687,1.995465
768661600.241599,1.8857730000000001
768661602.12064,2.301286
768661603.205548,2.922798
768661604.879446,2.719226
768661606.258605,3.000032
768661607.762201,2.825507
768661609.18155,2.876886
768661610.012796,2.2095949999999998
768661611.500922,2.268978
768661611.989806,1.920538
768661613.861109,1.796214
768661613.910048,2.36549
768661615.67602,1.7467730000000001
768661616.259972,2.2887839999999997
768661617.518511,1.806114
768661618.717286,2.407407
768661619.4104229,1.853359
768661620.78899,2.024321
768661621.667765,2.203147
768661623.249306,2.418192
768661623.71375,1.989845
768661625.655074,1.903506
768661625.683241,2.375271
768661627.639789,1.945034
768661628.137558,2.412341
768661629.632831,1.953751
768661630.43282,2.244784
768661631.60959,1.920167
768661633.2652049,2.7643250000000004
768661634.021138,2.3596709999999996
768661635.713342,2.3919449999999998
768661636.180876,2.11935
768661637.863204,2.096803
768661638.368796,2.120856
768661640.563788,2.139242
768661640.59768,2.6791050000000003
768661642.583963,1.9606229999999998
768661642.6147449,1.9741870000000001
768661644.4339529,1.811728
768661645.0916309,2.436811
768661646.722501,2.245876
768661647.405604,2.263928
768661649.084902,2.3006469999999997
768661650.264385,2.8190009999999996
768661651.975926,2.847951
768661652.877621,2.5575620000000003
768661654.3581619,2.29269
768661655.235047,2.301561
768661656.588086,2.193519
768661657.6142981,2.326639
768661658.7791611,2.15545
768661659.9601971,2.289923
768661660.9501319,2.136707
768661662.4127591,2.377853
768661662.9011309,1.89466
768661664.612822,2.144174
768661664.972101,2.037132
768661666.529496,1.861125
768661666.946234,1.931348
768661668.4681159,1.8855709999999999
768661668.969368,1.983896
768661670.592524,2.069044
768661670.981067,1.9549480000000001
768661672.565493,1.9199460000000002
768661672.91117,1.890589
768661674.6610789,2.040111
768661675.005762,2.053429
768661676.7384421,2.024219
768661677.111781,2.0396110000000003
768661679.136071,2.342134
768661679.510378,2.34248
768661681.426906,2.238047
768661681.477258,1.91216
768661683.543545,2.001399
768661683.544137,2.061776
768661685.772928,2.176034
768661685.780723,2.184082
768661687.990933,2.179208
768661687.996676,2.17619
768661690.248025,2.191094
768661690.2586449,2.21193
768661692.4047099,2.0897759999999996
768661692.409501,2.107974
768661694.678018,2.233349
768661694.690978,2.2385740000000003
768661697.162008,2.4174499999999997
768661697.171329,2.44163
768661699.17247,1.961734
768661699.761983,2.54222
768661701.173465,1.948086
768661702.163285,2.347683
768661703.301481,2.088955
768661704.491632,2.271995
768661705.605973,2.251494
768661706.921657,2.387421
768661707.890784,2.228565
768661709.3826541,2.407447
768661710.566493,2.6228789999999997
768661712.089658,2.650719
768661712.7539849,2.14166
768661714.224244,2.0780350000000003
768661714.640957,1.831355
768661716.351405,2.073962
768661716.698176,2.019602
768661718.290645,1.896455
768661718.844775,2.090308
768661720.412116,2.069534
768661720.980027,2.082335
768661722.209075,1.754436
768661723.1449801,2.125831
768661724.19479,1.94898
768661725.474187,2.2764510000000002
768661726.359647,2.108491
768661728.382353,2.869068
768661728.875216,2.461453
768661730.530381,2.0923629999999998
768661730.8529041,1.920507
768661732.4326011,1.847724
768661732.793571,1.9029680000000002
768661734.304001,1.816079
768661734.722239,1.8890689999999999
768661736.328462,1.9882419999999998
768661736.833235,2.074569
768661738.6797049,2.3088610000000003
768661739.423582,2.534499
768661741.230005,2.497431
768661741.747319,2.2857279999999998
768661743.5017799,2.215861
768661743.8681691,2.0645339999999996
768661745.8410981,2.28635
768661746.307171,2.3987000000000003
768661748.118469,2.2219539999999998
768661748.615116,2.2655040000000004
768661750.4748499,2.315172
768661750.861821,2.204252
768661752.5605121,2.032674
768661753.017041,2.1017390000000002
768661754.762942,2.146394
768661754.7659941,1.706395
768661756.690431,1.8852980000000001
768661756.724851,1.9090509999999998
768661758.651428,1.906804
768661758.65984,1.8797650000000001
768661760.727555,2.037125
768661760.753666,2.055218
768661763.0465341,2.2506470000000003
768661763.059885,2.291171
768661765.250322,2.151207
768661765.254313,2.141146
768661767.252114,1.959496
768661767.3131809,2.0061050000000002
768661769.2925359,2.001336
768661769.305902,1.9395669999999998
768661771.238336,1.878354
768661771.253093,1.883267
768661773.258254,1.983948
768661773.2674,1.9608759999999998
768661775.600542,2.3035799999999997
768661775.6119931,2.303287
768661777.979452,2.31446
768661778.015636,2.3378449999999997
768661780.230184,2.196961
768661780.2640021,2.1913240000000003
768661782.435323,2.151761
768661782.942791,2.6220369999999997
768661784.472138,2.002064
768661785.599445,2.603322
768661786.761109,2.233291
768661787.7727971,2.136481
768661789.189695,2.375758
768661789.799981,1.991454
768661791.567172,2.321913
768661792.091539,2.229642
768661793.639419,2.011148
768661794.090375,1.942515
768661795.6994259,2.004499
768661796.1667991,2.0425780000000002
768661797.67813,1.9256900000000001
768661798.279328,2.076929
768661799.84251,2.1272219999999997
768661801.07685,2.757045
768661802.4558251,2.560315
768661804.0269799,2.894115
768661804.6817751,2.183636
768661806.163827,2.07856
768661806.814999,2.077508
768661808.200313,1.983168
768661808.6377391,1.769666
768661810.177474,1.934986
768661810.5962319,1.898109
768661812.177978,1.946588
768661812.697378,2.064809
768661814.292502,2.060639
768661815.047689,2.2947029999999997
768661816.315555,1.983753
768661816.932518,1.847713
768661818.242959,1.861241
768661818.75387,1.782261
768661820.193781,1.910364
768661820.588346,1.797123
768661822.091536,1.8616970000000002
768661822.448722,1.822384
768661823.9551619,1.811
768661824.4275421,1.942689
768661825.774273,1.784511
768661826.344888,1.861601
768661827.772404,1.962148
768661828.677272,2.280485
768661829.670232,1.863462
768661830.7274251,2.0105399999999998
768661831.607214,1.871477
768661832.956691,2.17646
768661833.5817771,1.921382
768661834.7875501,1.791579
768661835.52828,1.903549
768661836.983804,2.143649
768661837.870465,2.288255
768661838.877454,1.854665
768661839.956603,2.0297359999999998
768661840.780071,1.865284
768661841.880118,1.882611
768661842.820551,1.9847609999999998
768661843.947914,2.011059
768661844.603159,1.7454180000000001
768661845.7384131,1.702257
768661846.628472,1.985817
768661847.619816,1.839594
768661848.624826,1.943391
768661849.5817901,1.9020700000000001
768661850.652894,1.9725290000000002
768661852.090235,2.468741
768661853.3054069,2.5996539999999997
768661854.665329,2.538479
768661855.9991449,2.638119
768661857.5192461,2.812024
768661858.69559,2.616529
768661860.7843549,3.1839250000000003
768661861.574691,2.826032
768661863.941178,2.310757
768661863.987275,3.134496
768661866.713329,2.719057
768661866.750636,2.673231
768661869.4189501,2.6499010000000003
768661869.513496,2.703115
768661871.839525,2.3529
768661871.8681719,2.307622
768661874.018933,2.1060630000000002
768661874.045194,2.1622719999999997
768661876.554759,2.474825
768661876.564246,2.472831
768661878.7518619,2.1401369999999997
768661878.770135,2.150026
768661880.999826,2.207233
768661881.026192,2.2159340000000003
768661883.176415,2.094398
768661883.178234,2.135855
768661885.245153,2.013324
768661885.281798,2.0527409999999997
768661887.609875,2.275189
768661887.6112429,2.313809
768661889.943089,2.277749
768661889.953258,2.290745
768661892.67419,2.673817
768661892.697559,2.688321
768661894.864211,2.133369
768661894.8744941,2.121181
768661897.376767,2.4495099999999996
768661897.3875129,2.469592
768661899.644258,2.200355
768661899.651826,2.23576
768661901.9584581,2.260123
768661901.9679301,2.2635720000000004
768661904.029617,2.017298
768661904.626231,2.605343
768661906.022524,1.9356289999999998
768661907.085473,2.403538
768661908.205707,2.1437600000000003
768661909.485102,2.34673
768661910.447809,2.185565
768661912.282923,2.718611
768661912.806733,2.296895
768661915.0277051,2.164572
768661915.037613,2.699061
768661917.048296,1.940439
768661917.537195,2.446914
768661918.86878,1.7808609999999998
768661919.940121,2.347161
768661921.030681,2.124114
768661922.408915,2.416242
768661922.9439869,1.8734579999999998
768661924.8603001,1.862342
768661924.8699371,2.4052610000000003
768661927.030434,2.113432
768661927.500293,2.5746559999999996
768661929.0174761,1.933092
768661930.2123959,2.659313
768661931.6679341,2.595224
768661932.279263,2.0297750000000003
768661933.522022,1.816263
768661934.438738,2.103865
768661935.736024,2.173734
768661936.780768,2.289115
768661937.8566129,2.066347
768661938.976476,2.149435
768661940.2452049,2.332227
768661941.430115,2.400325
768661942.138975,1.8543859999999999
768661943.3633269,1.877403
768661944.219321,2.041684
768661945.58842,2.18155
768661945.949743,1.6741480000000002
768661947.528022,1.883842
768661947.862886,1.875063
768661949.3159031,1.735116
768661949.917086,2.017685
768661951.102293,1.750541
768661952.21621,2.259221
768661952.869699,1.733505
768661954.171334,1.915442
768661954.659454,1.753979
768661956.156532,1.931267
768661956.5651209,1.870834
768661958.010324,1.797533
768661958.4727261,1.870568
768661960.05882,2.0118150000000004
768661960.712194,2.181941
768661962.1539539,2.0381129999999996
768661962.655897,1.905311
768661964.38046,2.188612
768661964.734735,2.0414470000000002
768661966.331138,1.894026
768661966.7822499,1.9919479999999998
768661968.1729391,1.787879
768661968.775606,1.9558689999999999
768661969.935117,1.723976
768661970.820606,2.005865
768661971.8108549,1.8238530000000002
768661972.922102,2.064457
768661973.7004961,1.8373700000000002
768661974.9416571,1.9770249999999998
768661975.794864,2.038127
768661977.5797709,2.584769
768661978.499668,2.666592
768661980.286329,2.650949
768661980.922185,2.366308
768661982.596154,2.253774
768661982.95081,1.988171
768661984.648253,1.9988599999999999
768661985.240683,2.236594
768661986.760998,2.056876
768661987.205348,1.908264
768661988.5295991,1.715404
768661989.387184,2.128362
768661990.6544011,2.086747
768661991.5118431,2.068127
768661992.797978,2.106405
768661993.62541,2.060356
768661995.060426,2.1972039999999997
768661995.931932,2.2666370000000002
768661997.385462,2.288244
768661997.855171,1.869569
768661999.4808819,2.03981
768661999.890545,1.979138
768662001.386996,1.8533709999999999
768662001.874,1.946967
768662003.172194,1.731086
768662003.748292,1.817512
768662004.88216,1.674155
768662005.782634,1.996271
768662007.250943,2.3307800000000003
768662007.682423,1.843208
768662009.279302,1.9753610000000001
768662009.87946,2.143202
768662011.3174441,1.98407
768662012.371747,2.435815
768662013.423606,2.070275
768662014.628402,2.199897
768662015.501649,2.038608
768662016.757768,2.091564
768662017.5214831,1.943741
768662018.93565,2.13854
768662019.896569,2.3191610000000003
768662020.950796,1.97744
768662023.1368761,2.1433009999999997
768662023.170253,3.2205
768662025.6610689,2.4708
768662026.0816989,2.855705
768662027.8201079,2.102507
768662028.8671861,2.729277
768662030.0206319,2.146614
768662031.670204,2.747464
768662032.5667471,2.488781
768662033.4678761,1.745415
768662033.9600669,1.336803
768662034.806157,1.282111
768662035.220698,1.2069100000000001
768662036.259923,1.390223
768662036.626211,1.35236
768662037.7088319,1.3825
768662038.0918851,1.4105159999999999
768662039.117935,1.364174
768662039.4689851,1.3247630000000001
768662040.506782,1.3254359999999998
768662040.916058,1.406722
768662041.886613,1.3333629999999999
768662042.365393,1.375345
768662043.27645,1.3030249999999999
768662043.7156831,1.262235
768662044.4848361,1.1446150000000002
768662044.907073,1.127411
768662045.50816,0.9774689999999999
768662046.016263,1.042846
768662046.688149,1.135537
768662047.056905,1.001758
768662048.04482,1.3047659999999999
768662048.287571,1.191189
768662049.693653,1.340036
768662049.756938,1.644214
768662051.111861,1.2916500000000002
768662051.164726,1.431508
768662052.544029,1.385845
768662052.5794059,1.3577350000000001
768662054.096429,1.495163
768662054.14183,1.494972
768662055.899814,1.694862
768662055.945139,1.795481
768662057.4369991,1.403002
768662057.43725,1.467748
768662059.047344,1.5429680000000001
768662059.0481861,1.544522
768662060.643797,1.521991
768662060.656126,1.535645
768662062.323805,1.6007230000000001
768662062.324316,1.613518
768662063.8994341,1.5113349999999999
768662063.899459,1.51151
768662065.505515,1.5294539999999999
768662065.505986,1.531122
768662067.299258,1.713899
768662067.299343,1.712084
768662069.108765,1.7523090000000001
768662069.119538,1.761984
768662070.889015,1.7100710000000001
768662070.889211,1.7203789999999999
768662072.56038,1.614123
768662072.572764,1.625785
768662074.411997,1.78824
768662074.416189,1.779741
768662076.263389,1.788406
768662076.268301,1.7945579999999999
768662077.9556409,1.609283
768662077.955706,1.6316810000000002
768662079.79089,1.7715210000000001
768662079.79094,1.770764
768662081.626961,1.763998
768662081.638944,1.7840799999999999
768662083.480288,1.774603
768662083.4846979,1.7797049999999999
768662085.260744,1.7182149999999998
768662085.260744,1.7169240000000001
768662086.986483,1.658006
768662086.986764,1.658999
768662088.8060559,1.755469
768662088.817788,1.76707
768662090.565639,1.692457
768662090.5661,1.681577
768662092.4282709,1.7984909999999998
768662092.435744,1.8063669999999998
768662094.288795,1.785965
768662094.28906,1.800597
768662096.1253419,1.7723529999999998
768662096.12877,1.776964
768662097.963257,1.767927
768662097.973834,1.782428
768662099.645159,1.6136080000000002
768662099.657032,1.6287129999999999
768662102.036808,2.31596
768662102.052882,2.3444350000000003
768662103.994925,1.898129
768662103.9951351,1.876049
768662106.1398051,2.045233
768662106.151467,2.053891
768662108.0663221,1.85064
768662108.0786201,1.875112
768662110.023199,1.890037
768662110.02335,1.878279
768662111.849834,1.75154
768662111.850335,1.762711
768662113.712732,1.798358
768662113.7154039,1.80222
768662115.707468,1.930777
768662115.707919,1.9291230000000001
768662117.4917591,1.720777
768662117.492535,1.720702
768662119.3091409,1.749184
768662119.320743,1.7626600000000001
768662120.9911181,1.6185699999999998
768662121.00254,1.618084
768662122.762218,1.6924620000000001
768662122.762333,1.704585
768662124.612041,1.7862
768662124.624149,1.7988089999999999
768662126.5604839,1.882159
768662126.572632,1.8811959999999999
768662128.332446,1.696591
768662128.344819,1.7205320000000002
768662130.148791,1.749645
768662130.160643,1.748948
768662132.095996,1.871794
768662132.096261,1.8842430000000001
768662133.84527,1.681155
768662133.8454801,1.683015
768662135.783789,1.875047
768662135.783975,1.87441
768662137.631693,1.784847
768662137.632014,1.7840099999999999
768662139.602788,1.902821
768662139.614466,1.915852
768662141.4866511,1.808247
768662141.498127,1.831721
768662143.241253,1.687856
768662143.2414179,1.676585
768662145.059808,1.755258
768662145.059903,1.754632
768662146.839673,1.7133999999999998
768662146.839764,1.713666
768662149.234671,2.330788
768662149.2367511,2.333565
768662150.932615,1.631419
768662150.94534,1.6476220000000001
768662152.7621961,1.7529620000000001
768662152.7739141,1.752802
768662154.66609,1.825105
768662154.666316,1.813769
768662156.552697,1.822834
768662156.5637751,1.83316
768662158.38233,1.769726
768662158.382766,1.758974
768662160.196781,1.751174
768662160.198876,1.752036
768662161.952415,1.686638
768662161.9647579,1.701051
768662163.665524,1.6382180000000002
768662163.66581,1.626849
768662165.468313,1.725554
768662165.468574,1.728502
768662167.149022,1.613944
768662167.149243,1.6131520000000001
768662169.07608,1.86334
768662169.087652,1.874636
768662170.961396,1.807425
768662170.961967,1.818921
768662172.877654,1.852735
768662172.888709,1.862407
768662174.8402641,1.887561
768662174.840655,1.899694
768662176.7710661,1.86772
768662176.782844,1.8784489999999998
768662178.855551,2.017905
768662178.856017,2.006463
768662180.861884,1.942685
768662180.873727,1.9534550000000002
768662182.743456,1.814771
768662182.743998,1.80369
768662184.6962941,1.889515
768662184.708387,1.900566
768662186.420269,1.645477
768662186.4326429,1.669508
768662188.2095759,1.72627
768662188.2185819,1.7224409999999999
768662189.923608,1.647757
768662189.9240489,1.638822
768662191.603355,1.6158080000000001
768662191.603446,1.615718
768662193.4299941,1.763221
768662193.441837,1.774378
768662195.244866,1.7479360000000002
768662195.245252,1.7371960000000002
768662197.0737051,1.764434
768662197.085388,1.776988
768662198.8502029,1.6979689999999998
768662198.850819,1.71083
768662200.606027,1.692537
768662200.617604,1.702369
768662202.394402,1.7246869999999999
768662202.4030601,1.719567
768662204.263284,1.805871
768662204.2889719,1.8285790000000002
768662206.160708,1.8234569999999999
768662206.17226,1.82315
768662207.968379,1.73276
768662207.984726,1.760425
768662209.932037,1.882401
768662209.948164,1.8723310000000002
768662211.8192459,1.827009
768662211.828654,1.813855
768662213.617071,1.740812
768662213.6332469,1.740789
768662215.3766321,1.6998980000000001
768662215.376963,1.676865
768662217.2490131,1.7830789999999999
768662217.2606,1.8199189999999998
768662219.076509,1.761041
768662219.088266,1.744292
768662220.8216879,1.669518
768662220.834142,1.69383
768662222.580324,1.682764
768662222.5924419,1.707166
768662224.4411731,1.784932
768662224.4540229,1.8103069999999999
768662226.146725,1.625767
768662226.158568,1.650468
768662228.366961,2.14442
768662228.3785629,2.168134
768662230.727769,2.2825010000000003
768662230.739085,2.305224
768662232.80872,2.017609
768662232.819751,2.017013
768662234.6745859,1.7991759999999999
768662234.686433,1.799571
768662236.433011,1.682188
768662236.471531,1.7337170000000002
768662238.213728,1.6704759999999998
768662238.21446,1.7060140000000001
768662239.9787639,1.699026
768662239.990296,1.7092699999999998
768662241.760012,1.6918650000000002
768662241.7606131,1.673758
768662243.606693,1.7781310000000001
768662243.619272,1.793502
768662245.516671,1.831465
768662245.528298,1.856649
768662247.350031,1.7646000000000002
768662247.3613731,1.764519
768662249.205042,1.7894729999999999
768662249.216113,1.788801
768662251.142659,1.868757
768662251.1543369,1.869383
768662252.992969,1.784756
768662253.0048411,1.7847659999999999
768662254.813483,1.74319
768662254.8337309,1.7750890000000001
768662256.4987329,1.599164
768662256.5097339,1.630523
768662258.269858,1.70236
768662258.284758,1.706223
768662259.980662,1.6455980000000001
768662260.035766,1.685481
768662261.8792139,1.7734400000000001
768662261.891327,1.809409
768662263.6696889,1.725103
768662263.681075,1.7212029999999998
768662265.394827,1.659765
768662265.4062331,1.659074
768662267.243266,1.7799999999999998
768662267.255074,1.755113
768662269.077449,1.735225
768662269.078431,1.74613
768662270.849751,1.708008
768662270.854406,1.715518
768662272.6007179,1.6921709999999999
768662272.600909,1.6806699999999999
768662274.27584,1.609559
768662274.279744,1.612937
768662276.051971,1.706108
768662276.061664,1.719881
768662277.834207,1.712123
768662277.8350489,1.70447
768662279.5270051,1.621757
768662279.539334,1.632805
768662281.388656,1.7965360000000001
768662281.398679,1.7937999999999998
768662283.0963069,1.651211
768662283.10519,1.6499430000000002
768662284.860622,1.7010949999999998
768662284.860883,1.7110940000000001
768662286.662944,1.7362849999999999
768662286.6637571,1.737292
768662288.4633119,1.745489
768662288.474839,1.7578529999999999
768662290.18389,1.640235
768662290.196018,1.664161
768662291.936697,1.6870640000000001
768662291.9497119,1.687746
768662293.632787,1.602592
768662293.632792,1.5908
768662295.453567,1.751158
768662295.4662969,1.76458
768662297.112526,1.580396
768662297.143373,1.624117
768662299.071262,1.85925
768662299.0718141,1.891024
768662300.87502,1.7368810000000001
768662300.88514,1.748171
768662302.63624,1.689203
768662302.6368409,1.699975
768662304.4219589,1.7200659999999999
768662304.422194,1.7185169999999999
768662306.2765529,1.785779
768662306.276588,1.7851480000000002
768662308.2191671,1.876119
768662308.231596,1.889135
768662309.853088,1.5532409999999999
768662309.865326,1.5526010000000001
768662311.556109,1.637273
768662311.567971,1.637203
768662313.3545771,1.732941
768662313.367242,1.733492
768662315.0882349,1.665133
768662315.099711,1.662938
768662316.902886,1.737061
768662316.903492,1.749399
768662318.599763,1.630408
768662318.5998429,1.630928
768662320.392488,1.727163
768662320.403829,1.737842
768662322.121308,1.659726
768662322.137718,1.665184
768662323.857473,1.653842
768662323.858371,1.6779570000000001
768662325.62094,1.6982410000000001
768662325.62161,1.697362
768662327.302381,1.619817
768662327.315041,1.630876
768662329.248233,1.8570579999999999
768662329.260226,1.8811039999999999
768662331.073539,1.756516
768662331.0852461,1.756365
768662332.9247301,1.774217
768662332.935187,1.796234
768662334.6011751,1.61699
768662334.6013551,1.606806
768662336.547337,1.880555
768662336.558969,1.891134
768662338.346748,1.718984
768662338.346833,1.731427
768662340.138491,1.7243600000000001
768662340.1426051,1.7290269999999999
768662342.10458,1.897629
768662342.105452,1.894036
768662343.9181479,1.748021
768662343.918434,1.747099
768662345.781588,1.7967250000000001
768662345.7816579,1.797251
768662347.5851281,1.730716
768662347.5852439,1.7344439999999999
768662349.43414,1.782205
768662349.445331,1.792985
768662351.139376,1.6249850000000001
768662351.140158,1.6376330000000001
768662353.505241,2.2993900000000003
768662353.505797,2.2916149999999997
768662355.595509,2.02205
768662355.6074071,2.032238
768662357.305362,1.622318
768662357.317029,1.655897
768662359.0693499,1.683521
768662359.070132,1.694472
768662360.884583,1.749725
768662360.884833,1.740375
768662362.591914,1.6405059999999998
768662362.5921589,1.6407559999999999
768662364.4114909,1.75216
768662364.422778,1.764594
768662366.238211,1.746261
768662366.2385869,1.75861
768662367.898347,1.5942580000000002
768662367.898598,1.5941370000000001
768662369.6966399,1.731463
768662369.697407,1.7329109999999999
768662371.518124,1.7534219999999998
768662371.528785,1.762526
768662373.289317,1.701434
768662373.301736,1.7243
768662374.971821,1.5894730000000001
768662374.972227,1.601467
768662376.857482,1.8181740000000002
768662376.857718,1.8204950000000002
768662378.570562,1.635939
768662378.582209,1.6485219999999998
768662380.3739121,1.70425
768662380.3857391,1.70454
768662382.076873,1.62341
768662382.088991,1.624539
768662383.941616,1.786716
768662383.9528021,1.810531
768662385.687431,1.6414929999999999
768662385.69979,1.6686159999999999
768662387.5050501,1.749299
768662387.505626,1.737191
768662389.3574591,1.785353
768662389.369196,1.798659
768662391.1893,1.7513640000000001
768662391.201594,1.775511
768662393.038918,1.7716509999999999
768662393.050851,1.796409
768662394.944271,1.824754
768662394.9564639,1.849132
768662396.977631,1.955113
768662396.9891981,1.979184
768662399.1715109,2.116719
768662399.17318,2.129424
768662400.964095,1.723729
768662400.975773,1.737862
768662402.83394,1.7897379999999998
768662402.879672,1.846876
768662404.852321,1.9531990000000001
768662404.863747,1.9183830000000002
768662406.74567,1.82474
768662406.745856,1.812902
768662408.7446109,1.932801
768662408.756258,1.944058
768662410.5857639,1.772553
768662410.597847,1.772628
768662412.457788,1.7942710000000002
768662412.467076,1.8159020000000001
768662414.133218,1.619423
768662414.15383,1.6307150000000001
768662415.820144,1.6124209999999999
768662415.8204501,1.633622
768662417.68147,1.794598
768662417.690711,1.8048199999999999
768662419.453761,1.691095
768662419.454232,1.716491
768662421.289513,1.760953
768662421.29847,1.772516
768662423.133983,1.788038
768662423.146041,1.793056
768662425.084671,1.884885
768662425.096584,1.886695
768662426.906414,1.732164
768662426.918492,1.7543909999999998
768662428.852837,1.8705219999999998
768662428.864544,1.894096
768662430.681661,1.7534740000000002
768662430.681726,1.765507
768662432.491246,1.745029
768662432.502612,1.757769
768662434.360399,1.803139
768662434.372898,1.8026389999999999
768662436.236678,1.799997
768662436.2481151,1.823362
768662438.1089289,1.7938669999999999
768662438.121874,1.818531
768662439.8583031,1.685927
768662439.870296,1.684569
768662441.5903269,1.667939
768662441.5904169,1.656248
768662443.409834,1.751795
768662443.422073,1.7651100000000002
768662445.226299,1.740007
768662445.237626,1.764214
768662446.964097,1.6557410000000001
768662446.975864,1.671443
768662448.735893,1.695975
768662448.747911,1.715706
768662450.477549,1.663058
768662450.489352,1.686557
768662452.250644,1.697393
768662452.262371,1.721434
768662454.0256081,1.708465
768662454.0374999,1.708239
768662455.786725,1.684905
768662455.799008,1.709832
768662457.6040671,1.75399
768662457.6042529,1.741736
768662459.639969,1.9680840000000002
768662459.652508,1.9815649999999998
768662461.589149,1.872847
768662461.592862,1.889256
768662463.5409349,1.896681
768662463.5527259,1.9052889999999998
768662465.329709,1.736781
768662465.330124,1.725052
768662467.0430499,1.6576600000000001
768662467.055068,1.670521
768662468.715404,1.5994270000000002
768662468.724579,1.598843
768662470.4735041,1.703071
768662470.485778,1.705994
768662472.187766,1.65097
768662472.2109461,1.647176
768662473.984476,1.724841
768662473.997125,1.730142
768662475.7333189,1.685351
768662475.745081,1.683842
768662478.013259,2.215931
768662478.025517,2.216658
768662479.800105,1.7200959999999998
768662479.800912,1.7079980000000001
768662481.613263,1.749299
768662481.625216,1.760144
768662483.328167,1.648534
768662483.328557,1.63595
768662484.97413,1.58229
768662484.985897,1.5938720000000002
768662486.733753,1.6932239999999998
768662486.746001,1.6933880000000001
768662488.407293,1.599173
768662488.414978,1.596538
768662490.166242,1.6851850000000002
768662490.1780801,1.710318
768662491.8862541,1.6566779999999999
768662491.898026,1.656123
768662493.695602,1.745706
768662493.707435,1.709919
768662495.446114,1.6597350000000002
768662495.457902,1.682693
768662497.2528859,1.722259
768662497.2624841,1.747532
768662498.9667029,1.652911
768662498.9767231,1.65474
768662500.760126,1.735857
768662500.770799,1.736851
768662502.476207,1.6481510000000001
768662502.4766201,1.659373
768662504.217733,1.684269
768662504.244735,1.711248
768662505.950957,1.639985
768662505.977797,1.699546
768662507.68609,1.678096
768662507.697376,1.655951
768662509.7334679,1.9840259999999998
768662509.7335941,1.972363
768662511.5694189,1.768845
768662511.581557,1.781298
768662513.352602,1.719485
768662513.36451,1.718929
768662515.111594,1.692361
768662515.123466,1.691529
768662516.8083299,1.62089
768662516.808676,1.633284
768662518.688263,1.815443
768662518.700632,1.828498
768662520.523162,1.7717720000000001
768662520.5349491,1.770022
768662522.3196911,1.730135
768662522.319751,1.717786
768662524.2737219,1.890067
768662524.274434,1.890338
768662525.985684,1.643948
768662525.9863311,1.645618
768662527.709098,1.660287
768662527.709329,1.6581460000000001
768662529.5637771,1.790921
768662529.57581,1.802337
768662531.312956,1.669794
768662531.3246629,1.694722
768662533.081214,1.704339
768662533.093027,1.7042789999999999
768662534.9413221,1.7821479999999998
768662534.941575,1.7941179999999999
768662537.0796859,2.085588
768662537.09179,2.097944
768662538.950012,1.803595
768662538.975237,1.816721
768662540.7666049,1.7490649999999999
768662540.8058889,1.77799
768662542.588949,1.712159
768662542.589093,1.770319
768662544.315393,1.673901
768662544.327346,1.685391
768662546.140849,1.746975
768662546.1410251,1.7591340000000002
768662547.830254,1.636854
768662547.830665,1.6376190000000002
768662549.4584401,1.563125
768662549.5059811,1.61234
768662551.15429,1.5822150000000001
768662551.17556,1.6506839999999998
768662552.845173,1.605544
768662552.85657,1.6388170000000002
768662554.526569,1.603159
768662554.5271809,1.6154419999999998
768662556.327784,1.736189
768662556.339527,1.74938
768662558.024686,1.618725
768662558.036534,1.641679
768662559.812304,1.7124679999999999
768662559.823097,1.735167
768662561.599843,1.719734
768662561.610928,1.741809
768662563.483214,1.823291
768662563.494846,1.823511
768662565.421358,1.862823
768662565.432744,1.885937
768662567.262663,1.752273
768662567.2793851,1.778991
768662569.092212,1.772853
768662569.1019261,1.758272
768662570.855669,1.70648
768662570.866169,1.706709
768662572.789758,1.876553
768662572.8028541,1.879248
768662574.7054191,1.849327
768662574.7175081,1.847026
768662576.499808,1.73042
768662576.511731,1.7305000000000001
768662578.2638669,1.697273
768662578.264609,1.684954
768662580.134789,1.807079
768662580.148962,1.819748
768662582.036769,1.835494
768662582.0371699,1.821326
768662583.8262111,1.725023
768662583.837778,1.736595
768662585.662022,1.772243
768662585.6736239,1.772148
768662587.457364,1.716673
768662587.4692861,1.739902
768662589.255056,1.72167
768662589.2667431,1.745917
768662591.0242311,1.702766
768662591.036139,1.702575
768662592.850519,1.750447
768662592.8505889,1.76287
768662594.6842101,1.769405
768662594.69502,1.780773
768662596.565416,1.8052949999999999
768662596.576908,1.8288989999999998
768662598.415885,1.783458
768662598.415996,1.7724220000000002
768662600.211272,1.731979
768662600.213021,1.733177
768662602.973685,2.693538
768662602.9739959,2.695909
768662605.3205609,2.282732
768662605.332769,2.29498
768662607.646152,2.258816
768662607.6580651,2.2580489999999998
768662609.915903,2.171287
768662609.916018,2.18329
768662611.6785531,1.6953129999999998
768662611.678854,1.6965459999999999
768662613.4191021,1.6766999999999999
768662613.430548,1.6879410000000001
768662615.199303,1.7019680000000001
768662615.199684,1.71341
768662616.780395,1.5169030000000001
768662616.791832,1.5283440000000001
768662618.593412,1.7463769999999998
768662618.604859,1.7463170000000001
768662620.221048,1.552556
768662620.233016,1.57551
768662622.0474161,1.742548
768662622.060156,1.759718
768662623.902722,1.778672
768662623.92096,1.809474
768662625.8001419,1.815433
768662625.81214,1.8524310000000002
768662627.5745851,1.6960009999999999
768662627.574675,1.684075
768662629.408221,1.7697539999999998
768662629.418401,1.779867
768662631.2199401,1.741432
768662631.231577,1.762851
768662633.0384041,1.743212
768662633.049377,1.743063
768662634.781994,1.659262
768662634.8090891,1.713568
768662636.5867081,1.747695
768662636.5986509,1.714884
768662638.413072,1.759989
768662638.424283,1.758992
768662640.1513499,1.674665
768662640.153861,1.665775
768662641.944977,1.724095
768662641.957276,1.7393809999999998
768662643.814361,1.793106
768662643.825948,1.817493
768662645.668845,1.7909460000000001
768662645.6802061,1.7905
768662647.4665171,1.719665
768662647.467048,1.731723
768662649.251034,1.720604
768662649.2523371,1.7207119999999998
768662651.238441,1.926909
768662651.238582,1.925211
768662653.0390451,1.736378
768662653.050486,1.7480760000000002
768662654.826643,1.712297
768662654.838155,1.735446
768662656.5255849,1.623551
768662656.537207,1.6473309999999999
768662658.305385,1.701457
768662658.305635,1.713841
768662660.151735,1.782256
768662660.154506,1.784897
768662661.970165,1.748758
768662661.9706761,1.752376
768662663.67712,1.641979
768662663.6772699,1.6433520000000001
768662665.492613,1.7519
768662665.495725,1.754326
768662667.240083,1.68105
768662667.243055,1.680012
768662669.1464269,1.843072
768662669.1596831,1.852319
768662670.89281,1.6665759999999998
768662670.893186,1.680649
768662672.7888501,1.8324420000000001
768662672.79959,1.842506
768662674.5578561,1.691309
768662674.570069,1.714288
768662676.486287,1.852379
768662676.498355,1.877142
768662678.2670649,1.701492
768662678.279168,1.726326
768662680.217001,1.886148
768662680.226558,1.8836169999999999
768662682.198992,1.915321
768662682.199152,1.905839
768662684.076915,1.8142900000000002
768662684.080599,1.817258
768662685.9163611,1.767963
768662685.916842,1.772361
768662687.763906,1.790432
768662687.791065,1.81687
768662689.56863,1.702987
768662689.569051,1.7476180000000001
768662691.370867,1.734996
768662691.370872,1.73462
768662693.189007,1.7549270000000001
768662693.214442,1.779305
768662694.945415,1.6711420000000001
768662694.969553,1.705127
768662696.689163,1.68673
768662696.6895889,1.6625699999999999
768662698.503549,1.7506030000000001
768662698.503574,1.750216
768662700.480277,1.913386
768662700.4919139,1.924396
768662702.386953,1.828379
768662702.3869979,1.840106
768662704.3573871,1.907232
768662704.368618,1.917356
768662706.2202561,1.784813
768662706.232665,1.808418
768662707.980531,1.696962
768662707.981869,1.685316
768662709.9672979,1.9013229999999999
768662709.967323,1.895679
768662711.829324,1.795081
768662711.839433,1.804452
768662713.827713,1.935056
768662713.827934,1.92355
768662715.622208,1.727643
768662715.6229391,1.7274580000000002
768662717.4353,1.749855
768662717.435461,1.748512
768662719.15708,1.653526
768662719.1573509,1.65558
768662720.964008,1.742979
768662720.975335,1.7540399999999998
768662722.7741641,1.732249
768662722.77452,1.720337
768662724.484532,1.646274
768662724.4965501,1.634647
768662726.317546,1.753795
768662726.318278,1.766615
768662728.454759,2.072
768662728.466326,2.085231
768662730.801043,2.279629
768662730.812855,2.280205
768662733.1427369,2.266052
768662733.155196,2.290213
768662735.479915,2.2581200000000003
768662735.4799299,2.2711799999999998
768662737.5481269,2.004945
768662737.559815,2.016286
768662739.136326,1.5101520000000002
768662739.136512,1.521433
768662740.9123169,1.711581
768662740.912337,1.711922
768662742.620816,1.644315
768662742.621292,1.645452
768662744.216728,1.531838
768662744.225919,1.5411789999999999
768662745.961396,1.678133
768662745.9615259,1.668751
768662747.7543421,1.729022
768662747.754638,1.729929
768662749.6446141,1.826584
768662749.645371,1.827256
768662751.4958,1.782311
768662751.507432,1.7964689999999999
768662753.364507,1.8051490000000001
768662753.376616,1.805424
768662755.3437171,1.900572
768662755.355509,1.924722
768662757.010594,1.603124
768662757.022722,1.603479
768662758.714026,1.639824
768662758.726209,1.6398490000000001
768662760.38168,1.6041560000000001
768662760.3930011,1.602372
768662762.176229,1.7281900000000001
768662762.1883171,1.728921
768662763.956976,1.716984
768662763.969025,1.7166679999999999
768662765.845825,1.7971000000000001
768662765.857322,1.7979770000000002
768662767.569289,1.645517
768662767.569304,1.656498
768662769.39006,1.757217
768662769.402589,1.769507
768662771.265683,1.796308
768662771.265783,1.809018
768662773.060946,1.731127
768662773.066106,1.7369860000000001
768662774.891873,1.7584499999999998
768662774.903175,1.781821
768662776.697334,1.742273
768662776.709332,1.742273
768662778.477355,1.716287
768662778.489192,1.716393
768662780.2797581,1.73882
768662780.291425,1.7386700000000002
768662782.1075741,1.749199
768662782.119693,1.772673
768662783.8453871,1.6744100000000002
768662783.85753,1.674174
768662785.78766,1.8662670000000001
768662785.787886,1.879096
768662787.4568421,1.601635
768662787.468941,1.6143640000000001
768662789.260874,1.740474
768662789.2723709,1.739656
768662791.003853,1.676545
768662791.016167,1.6771909999999999
768662792.8541571,1.7739559999999999
768662792.8666359,1.79925
768662794.613339,1.679757
768662794.61375,1.693128
768662796.375709,1.697228
768662796.387682,1.7108640000000002
768662798.19261,1.738143
768662798.193207,1.751148
768662799.942135,1.68551
768662799.942676,1.68536
768662801.69005,1.6548640000000001
768662801.722616,1.6907079999999999
768662803.5182879,1.728821
768662803.530311,1.773741
768662805.4646161,1.870145
768662805.476243,1.894773
768662807.263651,1.720713
768662807.275804,1.744899
768662809.0438919,1.704274
768662809.0563459,1.729102
768662810.8124659,1.70235
768662810.824569,1.701778
768662812.687377,1.811504
768662812.698779,1.810848
768662814.446454,1.69586
768662814.458517,1.695895
768662816.2304289,1.720207
768662816.2420961,1.7196200000000001
768662818.017837,1.708689
768662818.0293729,1.732339
768662819.8609489,1.779394
768662819.873002,1.7795750000000001
768662821.5607231,1.6240320000000001
768662821.572129,1.6472959999999999
768662823.262676,1.6355490000000001
768662823.2747091,1.6360299999999999
768662825.121861,1.795421
768662825.1332029,1.7758500000000002
768662826.9380159,1.738289
768662826.9384171,1.749765
768662828.9452161,1.9428640000000001
768662828.956858,1.954993
768662830.806129,1.7854679999999998
768662830.8188591,1.810191
768662832.5627711,1.6933580000000001
768662832.575225,1.692406
768662834.3930479,1.750497
768662834.4047799,1.77579
768662836.196388,1.72804
768662836.206146,1.725309
768662837.984347,1.698155
768662837.995864,1.722702
768662839.76922,1.721369
768662839.781268,1.72145
768662841.428038,1.595421
768662841.428364,1.565772
768662843.134933,1.64042
768662843.1462901,1.650454
768662844.824839,1.626363
768662844.836737,1.6267880000000001
768662846.580743,1.6887029999999998
768662846.5920451,1.688798
768662848.414163,1.7587810000000001
768662848.425825,1.781098
768662850.1715131,1.668007
768662850.199368,1.707397
768662852.540374,2.2836649999999996
768662852.5448079,2.316208
768662854.806471,2.1944429999999997
768662854.822889,2.222468
768662856.843359,1.9800019999999998
768662856.870151,1.983515
768662858.6558,1.7365869999999999
768662858.667673,1.7374420000000002
768662860.388321,1.6557119999999999
768662860.4325329,1.701172
768662862.127395,1.6286880000000001
768662862.127781,1.6792610000000001
768662863.804932,1.6139489999999999
768662863.805102,1.612971
768662865.53644,1.667208
768662865.537151,1.6686159999999999
768662867.289372,1.686688
768662867.290023,1.685235
768662869.068215,1.7142030000000001
768662869.079416,1.7259650000000002
768662870.840513,1.705212
768662870.84345,1.696912
768662872.6805229,1.772999
768662872.6912329,1.787032
768662874.334997,1.5811410000000001
768662874.351581,1.587369
768662875.961277,1.56952
768662875.972186,1.556939
768662877.785283,1.731149
768662877.785493,1.746835
768662879.5917901,1.738554
768662879.592126,1.739857
768662881.3523461,1.6829150000000002
768662881.362738,1.6932710000000002
768662882.992996,1.569944
768662882.993292,1.581556
768662884.779958,1.7226469999999998
768662884.780259,1.723834
768662886.60792,1.764871
768662886.620334,1.77525
768662888.3819109,1.69816
768662888.3935081,1.721464
768662890.077961,1.629891
768662890.089994,1.6294549999999999
768662891.84216,1.688467
768662891.842336,1.700014
768662893.6870669,1.780286
768662893.687523,1.7813340000000002
768662895.476103,1.72163
768662895.488492,1.733818
768662897.247584,1.6950479999999999
768662897.259046,1.719835
768662899.259479,1.933824
768662899.262221,1.947696
768662901.067009,1.740383
768662901.078751,1.755909
768662902.7704561,1.637178
768662902.782605,1.637594
768662904.572939,1.73876
768662904.5733,1.727178
768662906.334056,1.697278
768662906.334261,1.697674
768662908.033067,1.635699
768662908.036656,1.6385919999999998
768662909.810307,1.709065
768662909.81093,1.6845510000000001
768662911.5539019,1.691351
768662911.553967,1.690208
768662913.389376,1.7602760000000002
768662913.399155,1.770227
768662915.115758,1.672064
768662915.1256269,1.671505
768662916.806751,1.638701
768662916.818483,1.6401350000000001
768662918.614496,1.723898
768662918.629706,1.749649
768662920.3509051,1.673297
768662920.4025999,1.709071
768662922.1560589,1.744624
768662922.167606,1.698832
768662924.030805,1.799566
768662924.033576,1.813919
768662925.858301,1.759688
768662925.858757,1.7557989999999999
768662927.539727,1.617793
768662927.540383,1.618239
768662929.412694,1.8080209999999999
768662929.424983,1.8208650000000002
768662931.267419,1.765276
768662931.267669,1.7762520000000002
768662933.065984,1.734819
768662933.075987,1.7445169999999999
768662934.840571,1.704546
768662934.841012,1.7147519999999998
768662936.7038,1.7996310000000002
768662936.704447,1.799676
768662938.5093,1.740769
768662938.509591,1.742683
768662940.376834,1.791745
768662940.387507,1.803664
768662942.0725839,1.636183
768662942.0730649,1.625089
768662943.833876,1.7041199999999999
768662943.834437,1.7036149999999999
768662945.6079271,1.710313
768662945.608619,1.7107649999999999
768662947.559873,1.8853360000000001
768662947.559958,1.883702
768662949.4715201,1.823276
768662949.4837041,1.837664
768662951.291399,1.7402929999999999
768662951.30261,1.764975
768662953.059642,1.70476
768662953.07167,1.705436
768662954.807683,1.680984
768662954.81949,1.6810200000000002
768662956.7564609,1.885095
768662956.756757,1.873554
768662958.7150099,1.894449
768662958.728269,1.908109
768662960.615986,1.8301630000000002
768662960.6265659,1.8543100000000001
768662962.4073839,1.731234
768662962.434139,1.747514
768662964.279153,1.771454
768662964.290439,1.826279
768662966.025408,1.674877
768662966.04125,1.703049
768662967.735351,1.6527779999999999
768662967.747299,1.641995
768662969.516439,1.7052420000000001
768662969.51684,1.7178309999999999
768662971.407603,1.8251249999999999
768662971.407859,1.823246
768662973.1551931,1.684232
768662973.1670359,1.695103
768662975.009923,1.7760619999999998
768662975.0217861,1.8002820000000002
768662977.321667,2.248612
768662977.333915,2.247594
768662979.692132,2.30388
768662979.6926941,2.291683
768662981.926556,2.170881
768662981.9266211,2.169237
768662983.785892,1.7951709999999999
768662983.7864829,1.7960479999999999
768662985.623882,1.774618
768662985.6358349,1.7854990000000002
768662987.439185,1.748943
768662987.439516,1.736348
768662989.306564,1.80317
768662989.318587,1.815032
768662991.134466,1.749023
768662991.134837,1.761733
768662993.043697,1.845323
768662993.0556899,1.8570550000000001
768662994.9331119,1.8110730000000002
768662994.944669,1.8342720000000001
768662996.907205,1.910725
768662996.907481,1.899188
768662998.7178321,1.746948
768662998.718127,1.746963
768663000.492555,1.709812
768663000.503726,1.722672
768663002.26348,1.693279
768663002.263841,1.7039030000000002
768663004.041331,1.714784
768663004.046528,1.718081
768663005.8364459,1.726696
768663005.8367871,1.720993
768663007.6979871,1.796965
768663007.710441,1.810186
768663009.564358,1.8029789999999999
768663009.564855,1.79068
768663011.255256,1.624709
768663011.255482,1.623336
768663013.134498,1.814967
768663013.1461649,1.8268799999999998
768663015.081357,1.868121
768663015.081563,1.880685
768663016.983963,1.837931
768663016.984133,1.838782
768663018.823928,1.775655
768663018.824299,1.776402
768663020.7149069,1.827015
768663020.7377349,1.849678
768663022.581449,1.77744
768663022.582256,1.8006739999999999
768663024.341573,1.696661
768663024.348294,1.701643
768663026.237258,1.8077150000000002
768663026.2374691,1.8214970000000001
768663027.991644,1.690387
768663028.0244911,1.722982
768663029.780179,1.6959250000000001
768663029.7804899,1.686528
768663031.636447,1.79257
768663031.637174,1.7929510000000002
768663033.459093,1.757518
768663033.475235,1.7754800000000002
768663035.290067,1.76478
768663035.290157,1.748492
768663037.127221,1.7733700000000001
768663037.138663,1.784407
768663038.9347609,1.729683
768663038.9348559,1.740649
768663040.8041899,1.805059
768663040.804535,1.806251
768663042.7366151,1.869103
768663042.737051,1.868406
768663044.497691,1.6960300000000001
768663044.509559,1.709517
768663046.316437,1.7401980000000001
768663046.3169581,1.752536
768663048.15097,1.770108
768663048.1538659,1.7727229999999998
768663049.98886,1.771566
768663050.001214,1.76252
768663051.7065,1.653957
768663051.718483,1.65331
768663053.439196,1.657159
768663053.472017,1.702074
768663055.317515,1.81176
768663055.328736,1.790435
768663057.155987,1.774683
768663057.167589,1.774788
768663058.993165,1.770233
768663059.0046071,1.7703630000000001
768663060.789163,1.731864
768663060.8002089,1.731953
768663062.6037041,1.739577
768663062.6038289,1.7506920000000001
768663064.353158,1.684989
768663064.3796101,1.689716
768663066.12519,1.675653
768663066.136912,1.696372
768663067.956131,1.767544
768663067.967241,1.766746
768663069.952004,1.901236
768663069.959818,1.924843
768663071.823511,1.804014
768663071.83603,1.823216
768663073.840734,1.940474
768663073.843581,1.956878
768663075.682409,1.763326
768663075.695327,1.773771
768663077.4127929,1.660239
768663077.42427,1.6850649999999998
768663079.308649,1.818573
768663079.320913,1.8291309999999998
768663081.101134,1.716373
768663081.11234,1.7408899999999998
768663083.0669371,1.8876609999999998
768663083.0791761,1.911186
768663084.875404,1.744869
768663084.887442,1.744057
768663086.659088,1.707552
768663086.670956,1.732018
768663088.4448919,1.722567
768663088.45676,1.7224709999999999
768663090.468304,1.9452
768663090.46868,1.9576440000000002
768663092.3340449,1.801605
768663092.345582,1.813458
768663094.200436,1.787633
768663094.211848,1.810833
768663095.959438,1.6839870000000001
768663095.995527,1.731096
768663097.886155,1.772729
768663097.886516,1.840447
768663099.591717,1.641613
768663099.592354,1.638827
768663101.3311529,1.674139
768663101.331203,1.6759979999999999
768663103.562054,2.163648
768663103.5626351,2.164997
768663105.833208,2.205697
768663105.8340499,2.208298
768663107.610332,1.7091560000000001
768663107.6104319,1.7103730000000001
768663109.463272,1.788956
768663109.463568,1.789042
768663111.17355,1.642731
768663111.184872,1.653181
768663113.0243311,1.787207
768663113.036299,1.787633
768663114.717795,1.6152110000000002
768663114.718416,1.6274499999999998
768663116.5175661,1.735196
768663116.564115,1.782055
768663118.274719,1.644395
768663118.2862409,1.702486
768663120.159123,1.8091190000000001
768663120.165461,1.827334
768663121.8439361,1.6182670000000001
768663121.8714759,1.645187
768663123.625215,1.6905270000000001
768663123.631697,1.7309210000000002
768663125.420489,1.731194
768663125.425378,1.736419
768663127.2392249,1.735219
768663127.2496309,1.769042
768663129.024856,1.728514
768663129.0543259,1.747201
768663131.007784,1.895595
768663131.0177829,1.928229
768663132.712798,1.637874
768663132.731909,1.667025
768663134.712787,1.914549
768663134.725046,1.952255
768663136.589939,1.801065
768663136.601105,1.824675
768663138.4157411,1.747806
768663138.4280449,1.770995
768663140.1333259,1.654253
768663140.1430091,1.6509999999999998
768663141.782111,1.581623
768663141.793357,1.583618
768663143.519492,1.674034
768663143.5313101,1.6740789999999999
768663145.239774,1.6569939999999999
768663145.251296,1.656227
768663146.978809,1.661552
768663146.979205,1.660528
768663149.090874,2.047523
768663149.090958,2.0481380000000002
768663150.8892959,1.7402229999999999
768663150.889923,1.7406240000000002
768663152.765711,1.811639
768663152.7777389,1.8242040000000002
768663154.728954,1.8964470000000002
768663154.740441,1.895926
768663156.593822,1.789458
768663156.60567,1.8132739999999998
768663158.384177,1.7116010000000002
768663158.396105,1.735827
768663160.223541,1.7755500000000002
768663160.2354679,1.7756049999999999
768663162.0049391,1.714743
768663162.00538,1.7034420000000001
768663163.815947,1.746468
768663163.8277149,1.7595219999999998
768663165.604513,1.7250569999999998
768663165.617257,1.725935
768663167.27784,1.606917
768663167.289376,1.6050529999999998
768663168.971644,1.617858
768663168.983151,1.641899
768663170.794855,1.745395
768663170.80327,1.76481
768663172.540401,1.6732310000000001
768663172.553416,1.695429
768663174.301086,1.6810550000000002
768663174.313244,1.706855
768663176.044817,1.667248
768663176.061591,1.697493
768663177.734492,1.6220780000000001
768663177.734532,1.60579
768663179.501342,1.679266
768663179.51327,1.692748
768663181.324643,1.760304
768663181.339453,1.7625099999999998
768663183.008685,1.617752
768663183.020668,1.613728
768663184.705868,1.63349
768663184.717811,1.6331239999999998
768663186.838671,2.066398
768663186.85134,2.066633
768663188.621874,1.70652
768663188.632935,1.730791
768663190.507335,1.8075599999999998
768663190.514221,1.825516
768663192.3488541,1.783913
768663192.360316,1.7821
768663194.18706,1.759919
768663194.18719,1.760024
768663195.957308,1.706304
768663195.957734,1.7065789999999998
768663197.683182,1.6248090000000002
768663197.694128,1.639229
768663199.619084,1.8579219999999999
768663199.63033,1.880421
768663201.25054,1.5628739999999999
768663201.265285,1.589361
768663203.1311,1.813479
768663203.1430329,1.811223
768663204.960034,1.753233
768663204.960295,1.764891
768663206.792231,1.769075
768663206.817039,1.7924149999999999
768663208.469891,1.595198
768663208.497277,1.641413
768663210.228163,1.664596
768663210.248186,1.7186199999999998
768663212.0319589,1.726101
768663212.037953,1.746021
768663213.85282,1.751239
768663213.864482,1.756606
768663215.6029861,1.6744450000000002
768663215.603287,1.6868079999999999
768663217.345083,1.677938
768663217.356976,1.690207
768663219.130449,1.6951209999999999
768663219.131315,1.70593
768663220.9446219,1.75625
768663220.9554989,1.7684389999999999
768663222.6518329,1.6500869999999999
768663222.66321,1.650697
768663224.4774,1.7618079999999998
768663224.488847,1.7617539999999998
768663226.219628,1.663976
768663226.219663,1.674826
768663228.407759,2.093641
768663228.4195709,2.135994
768663230.4770479,2.003045
768663230.489427,2.0026789999999997
768663232.2879759,1.734965
768663232.299923,1.759372
768663234.002243,1.635073
768663234.014682,1.660578
768663235.66703,1.601881
768663235.679364,1.600553
768663237.504194,1.774051
768663237.5046949,1.761297
768663239.301354,1.7304149999999998
768663239.3016499,1.7289219999999998
768663241.0322651,1.666772
768663241.0443491,1.678424
768663242.840762,1.729648
768663242.841278,1.741982
768663244.5648631,1.658713
768663244.576404,1.6721590000000002
768663246.384014,1.740724
768663246.393744,1.761653
768663248.186206,1.738734
768663248.195909,1.744679
768663249.908147,1.652017
768663249.908332,1.6551
768663251.579875,1.608401
768663251.591993,1.619813
768663253.301675,1.658262
768663253.313678,1.657931
768663255.2897501,1.920979
768663255.296983,1.9172429999999998
768663257.132562,1.7612560000000002
768663257.144023,1.789772
768663258.970427,1.7524870000000001
768663258.98233,1.783754
768663260.945041,1.898561
768663260.952374,1.918679
768663262.85125,1.8423459999999998
768663262.85137,1.8417430000000001
768663264.759359,1.844616
768663264.7706649,1.855025
768663266.5878769,1.750291
768663266.588183,1.761598
768663268.644392,1.992606
768663268.656345,2.004398
768663270.641448,1.9183729999999999
768663270.641769,1.930711
768663272.491075,1.784962
768663272.502893,1.798018
768663274.2523971,1.682629
768663274.254918,1.697964
768663276.0740249,1.7582
768663276.078746,1.7594130000000001
768663277.776545,1.630042
768663277.7801081,1.6389969999999998
768663279.538929,1.6989869999999998
768663279.542257,1.698295
768663281.3235459,1.7212239999999999
768663281.324077,1.717992
768663283.081856,1.690522
768663283.082042,1.68391
768663284.927595,1.7815459999999999
768663284.92954,1.782972
768663286.6396871,1.643821
768663286.6522859,1.664984
768663288.4659541,1.7742820000000001
768663288.4860591,1.7764600000000002
768663290.094098,1.5736459999999999
768663290.0944029,1.5484520000000002
768663291.987651,1.8297249999999998
768663291.988229,1.806092
768663293.773922,1.6927809999999999
768663293.803532,1.727648
768663295.562894,1.734399
768663295.5635251,1.693359
768663297.348613,1.72156
768663297.36041,1.7336719999999999
768663299.10779,1.692432
768663299.119462,1.6926370000000002
768663300.844384,1.672906
768663300.844605,1.661319
768663302.56438,1.656501
768663302.580417,1.671813
768663304.3094541,1.6876440000000001
768663304.3497679,1.705713
768663306.091612,1.7157209999999998
768663306.097834,1.681597
768663307.826102,1.677445
768663307.8424369,1.6809800000000001
768663309.616348,1.710378
768663309.61703,1.733706
768663311.307933,1.625697
768663311.308544,1.6240919999999999
768663313.154303,1.782542
768663313.1655589,1.793502
768663314.946366,1.7251269999999999
768663314.965415,1.7233100000000001
768663316.737062,1.7269320000000001
768663316.748579,1.72563
768663318.5644729,1.763628
768663318.575804,1.7529839999999999
768663320.289911,1.661414
768663320.301443,1.662206
768663322.113423,1.745465
768663322.11406,1.7572079999999999
768663323.85304,1.675853
768663323.853772,1.6761840000000001
768663325.6437759,1.727348
768663325.655207,1.737311
768663327.355337,1.644425
768663327.355718,1.6336899999999999
768663329.180944,1.761898
768663329.1937081,1.774107
768663331.090616,1.830248
768663331.0907359,1.842371
768663332.880144,1.725394
768663332.892668,1.737381
768663334.6786771,1.735617
768663334.679128,1.7224810000000002
768663336.3506061,1.608296
768663336.361602,1.618559
768663338.316134,1.888052
768663338.323691,1.906029
768663340.148757,1.769095
768663340.168764,1.7884929999999999
768663341.958597,1.743295
768663341.970276,1.741496
768663343.7246101,1.7021339999999998
768663343.72491,1.6971690000000001
768663345.5311121,1.742609
768663345.531187,1.732153
768663347.389152,1.789761
768663347.4004381,1.80221
768663349.1452991,1.687292
768663349.145966,1.699159
768663350.8711131,1.658307
768663350.871429,1.6593849999999999
768663353.579045,2.644113
768663353.591123,2.655655
768663355.99615,2.3387830000000003
768663355.9972769,2.351527
768663358.320037,2.244685
768663358.320238,2.232851
768663360.713397,2.329566
768663360.7249789,2.3407620000000002
768663362.3501589,1.55879
768663362.350931,1.571114
768663363.986675,1.5731140000000001
768663363.987332,1.5722310000000002
768663365.733649,1.657299
768663365.734135,1.656293
768663367.480111,1.6786699999999999
768663367.480281,1.6798469999999999
768663369.272931,1.728726
768663369.284383,1.7405190000000001
768663370.978544,1.627405
768663370.979305,1.639343
768663372.783668,1.7421769999999999
768663372.7842691,1.7408949999999999
768663374.625612,1.777645
768663374.6257681,1.777414
768663376.448332,1.758656
768663376.4599739,1.770959
768663378.356241,1.8414329999999999
768663378.3567071,1.819129
768663380.191059,1.759434
768663380.201679,1.780652
768663381.929021,1.660873
768663381.942089,1.6915280000000001
768663383.7133479,1.7137850000000001
768663383.730367,1.738098
768663385.400331,1.606432
768663385.401253,1.630908
768663387.160756,1.6941199999999998
768663387.161517,1.692461
768663389.012568,1.788034
768663389.024511,1.7994510000000001
768663390.73738,1.646439
768663390.737766,1.658568
768663392.5601851,1.75832
768663392.571863,1.770593
768663394.410119,1.783294
768663394.4214951,1.783328
768663396.177189,1.691956
768663396.186606,1.712393
768663398.0178,1.77431
768663398.030297,1.776926
768663399.668816,1.593741
768663399.669142,1.581386
768663401.347936,1.6150909999999998
768663401.359413,1.626202
768663403.063061,1.6486750000000001
768663403.0749329,1.64888
768663405.0011901,1.8626829999999999
768663405.013157,1.863024
768663406.826335,1.736574
768663406.838689,1.758315
768663408.589958,1.687389
768663408.601991,1.712313
768663410.287814,1.631138
768663410.317396,1.648684
768663412.060701,1.6723720000000002
768663412.066374,1.726541
768663413.71787,1.578785
768663413.747309,1.6128749999999998
768663415.4739519,1.6632719999999999
768663415.4746859,1.7045540000000001
768663417.109276,1.581893
768663417.148034,1.621867
768663418.9451079,1.7223469999999999
768663418.945605,1.7816939999999999
768663420.712095,1.713944
768663420.71212,1.714796
768663422.543977,1.768218
768663422.5470841,1.770594
768663424.199688,1.593005
768663424.25009,1.6393829999999998
768663426.041883,1.725343
768663426.042565,1.782497
768663427.71077,1.604266
768663427.7217311,1.616509
768663429.421645,1.6468850000000002
768663429.433753,1.630552
768663431.1360891,1.64829
768663431.163361,1.662888
768663432.698476,1.505534
768663432.725088,1.485362
768663434.505611,1.747392
768663434.516071,1.713098
768663436.120925,1.558033
768663436.12408,1.5511080000000002
768663437.774748,1.5900429999999999
768663437.775642,1.594389
768663439.5550901,1.7212399999999999
768663439.567298,1.7355070000000001
768663441.409899,1.7789780000000002
768663441.422233,1.8034649999999999
768663443.128261,1.6522329999999998
768663443.128587,1.639619
768663444.809717,1.617647
768663444.809847,1.617427
768663446.577108,1.7035170000000002
